100
-0.050449032 -0.08021952
-0.051846977 -0.081976265
-0.051916555 -0.081851184
-0.051267818 -0.08133555
-0.051737722 -0.0815897

-0.021079022 -0.056152675
-0.02110078 -0.05850702
-0.02123029 -0.056509227
-0.021112876 -0.056888986
-0.020946791 -0.05969879

-0.050163664 -0.02229529
-0.051235843 -0.0229612
-0.04913356 -0.021745376
-0.04902555 -0.021687163
-0.04915524 -0.021764556

-0.016920602 -0.019716358
-0.0123433415 -0.017375145
-0.016564636 -0.021913227
-0.018148407 -0.020840291
-0.013826694 -0.020862317

-0.023938494 -0.027351486
-0.025187388 -0.0289917
-0.025299042 -0.028967608
-0.02459917 -0.028690008
-0.025158087 -0.028870795

-0.064919546 0.05761246
-0.061446723 0.052520677
-0.062943205 0.054412216
-0.06730431 0.06107708
-0.066620745 0.058954444

0.09032017 0.016826728
0.095675424 0.013385092
0.091116026 0.016305191
0.09323692 0.014953183
0.09037105 0.016790938

-0.10924356 0.077725075
-0.10656841 0.07661295
-0.107186995 0.07696031
-0.10565786 0.076476015
-0.10589492 0.07692896

0.017014308 0.0008313503
0.014550775 0.008397718
0.017493682 0.0027835371
0.015518207 0.005081851
0.018509353 -9.4206815e-05

-0.13015346 0.027055541
-0.13066888 0.027694324
-0.12932278 0.023868939
-0.13422768 0.02723167
-0.13193321 0.026189946

0.08485627 -0.005295575
0.08509693 -0.005493599
0.08513123 -0.0057923454
0.08530572 -0.0059618345
0.084302664 -0.004006785

-0.17403118 0.0033827242
-0.17258866 0.0053377175
-0.17794114 -0.0018801803
-0.17278454 0.005074342
-0.17509218 0.0019527395

0.0160595 0.017024865
0.014475602 0.018747756
0.014530321 0.018794606
0.014613867 0.018777713
0.013616112 0.01917709

-0.15985845 0.05963183
-0.15892573 0.058820844
-0.16104674 0.060913075
-0.15907857 0.058967803
-0.15984067 0.059634022

-0.013138625 0.028739681
-0.012080802 0.031900667
-0.010409574 0.03192087
-0.009607581 0.032519076
-0.0108323125 0.032602046

0.15509526 -0.05566425
0.16444625 -0.05998348
0.15670177 -0.05607483
0.16404969 -0.059507377
0.15413176 -0.054396473

0.067636676 0.0758952
0.067431815 0.07763122
0.068268724 0.069127366
0.06836929 0.07913352
0.06693621 0.08433659

0.042968914 -0.13183516
0.042842556 -0.13175373
0.042678177 -0.13331272
0.042129047 -0.13347676
0.04246069 -0.13081604

0.00989357 0.063669905
0.0033361826 0.074678615
0.0074673127 0.0676937
0.008493089 0.06570998
0.0034594734 0.074096166

-0.001132024 -0.052977633
-0.0018723469 -0.052400354
0.002808465 -0.056238003
0.0027591093 -0.05669385
0.0027731138 -0.054199126

0.11071008 0.06677498
0.110766724 0.0667701
0.11081504 0.06677249
0.11077571 0.06676211
0.111308165 0.06685982

-0.11218991 0.0008944016
-0.11211227 0.00076963624
-0.11118155 0.0011310768
-0.11154467 -0.00012025959
-0.11155667 0.00034033577

0.052027497 0.025324184
0.048400216 0.023897346
0.048687868 0.02450639
0.050323233 0.02448264
0.049747147 0.025116332

0.026560381 0.10291254
0.025913412 0.10216655
0.027151395 0.102743514
0.02782267 0.1025966
0.024814093 0.102030255

0.023055958 0.10478685
0.022617355 0.108949035
0.021983666 0.10582211
0.0231853 0.106959425
0.02087056 0.11050598

0.08057472 -0.04159367
0.08008835 -0.04168021
0.0802434 -0.041349918
0.07963126 -0.041815046
0.07932453 -0.04181845

0.09172566 -0.094716616
0.090911955 -0.09677843
0.08865837 -0.09533914
0.08541597 -0.096811
0.085527785 -0.09650151

-0.019957561 0.017158067
-0.01956111 0.015654115
-0.02020135 0.02139642
-0.020417413 0.01605023
-0.020463882 0.018709896

0.098431945 -0.04787553
0.0987399 -0.04608596
0.09874316 -0.048458353
0.09851602 -0.045916967
0.09873551 -0.046986267

-0.08066544 0.013133437
-0.08035272 0.0128720775
-0.08071261 0.01360236
-0.08038496 0.012938095
-0.08040318 0.013055149

0.029132389 -0.05091579
0.02945857 -0.051549576
0.029528609 -0.051690474
0.029500864 -0.051675104
0.02933413 -0.05038588

-0.09168356 -0.06816267
-0.05542979 -0.06571225
-0.12140823 -0.069986135
-0.090096176 -0.06794262
-0.09878019 -0.068618245

0.08997383 -0.12994823
0.09058247 -0.1278672
0.08814577 -0.12832539
0.09051525 -0.12758708
0.09400002 -0.13906075

-0.0937514 -0.01514762
-0.09202795 -0.015757792
-0.08976574 -0.016724903
-0.09520571 -0.014677705
-0.09122533 -0.016148107

0.0687347 -0.04927647
0.06915841 -0.04599418
0.06904044 -0.042939432
0.06922214 -0.04111427
0.06844033 -0.05594596

0.02197323 -0.002710233
0.022964649 -0.0034471103
0.024588969 -0.004733402
0.023630774 -0.0038320564
0.021439929 -0.002212222

-0.10242845 -0.06898818
-0.10210105 -0.06913788
-0.102386005 -0.0686859
-0.10137685 -0.06975678
-0.10182926 -0.06986235

0.06765775 0.06975666
0.06776476 0.069623105
0.06831116 0.06997216
0.06815437 0.06999183
0.066351324 0.0689256

-0.11826308 -0.1305859
-0.11866915 -0.1305117
-0.11844075 -0.1306357
-0.1163997 -0.13003498
-0.11996621 -0.13063657

-0.05251443 -0.0065906015
-0.05262091 -0.006879042
-0.05047996 -0.004823005
-0.051063165 -0.0053160232
-0.054153655 -0.008261057

0.071885265 0.017606944
0.071906984 0.017621793
0.072152875 0.018122412
0.072341695 0.017253151
0.07202366 0.017883182

-0.0063989516 -0.1277002
-0.0048728087 -0.12771851
-0.0054616104 -0.12797722
-0.0060272305 -0.1271245
-0.005303203 -0.12761182

0.16807088 -0.12101208
0.17072088 -0.1213783
0.1704635 -0.12203214
0.17057115 -0.12193661
0.16745996 -0.11969552

-0.031837795 0.028732445
-0.031820595 0.020981012
-0.031143421 0.024748148
-0.032908928 0.015088334
-0.030654978 0.02630702

0.07917339 0.006589917
0.07877649 0.007008373
0.08047704 0.0025676612
0.08185378 0.0025504085
0.07698709 0.00667572

0.013354973 0.0051850686
0.012306733 0.002821298
0.012704805 0.0026187946
0.013145082 0.0050453
0.013055676 0.0042732367

-0.02308151 0.077880286
-0.020630637 0.08130585
-0.02370919 0.07621275
-0.021539921 0.07944187
-0.021436151 0.0804162

0.03128785 0.0063180765
0.034115635 0.0060629975
0.033709317 0.0058138906
0.03188599 0.006722271
0.032781888 0.0054595107

0.048841223 -0.028861905
0.049836714 -0.029415485
0.047730125 -0.028347129
0.04463002 -0.026667524
0.046189327 -0.027577806

-0.03177874 0.0037494856
-0.026806906 0.0018938829
-0.02688903 0.0013763865
-0.03322551 0.0043452457
-0.032962505 0.003890877

0.030224496 -0.09083768
0.030223668 -0.09141207
0.030003693 -0.09031656
0.03066107 -0.09330814
0.030012667 -0.08992411

-0.092576854 0.058183372
-0.09327838 0.057840325
-0.09368272 0.057538364
-0.09381598 0.057863127
-0.09304209 0.05782742

0.009410734 -0.009773492
0.012964824 -0.007458487
0.018276066 -0.0030027148
0.019525379 -0.0021615927
0.015934112 -0.0045227045

-0.08496218 0.04229254
-0.084754564 0.04249725
-0.08465863 0.04253808
-0.08569387 0.04149077
-0.08691862 0.04033967

-0.048450343 0.019789135
-0.03483365 0.022747442
-0.047261957 0.02054813
-0.042741127 0.022341194
-0.045936413 0.020664465

0.0336077 -0.07294812
0.033164576 -0.07453545
0.03340048 -0.07347956
0.032161515 -0.07604904
0.034608975 -0.070277266

-0.03829965 0.02348699
-0.039448258 0.02378406
-0.042935908 0.024026986
-0.032967396 0.023640547
-0.04220479 0.023964396

0.04672774 0.19262435
0.032260016 0.18771492
0.045696903 0.19018936
0.029842127 0.18996453
0.06531726 0.19342154

-0.07049751 -0.086785875
-0.06715979 -0.08427372
-0.06960307 -0.08585333
-0.067333765 -0.0837172
-0.0707258 -0.08690101

0.033323627 -0.00038796716
0.03497859 0.004924175
0.034316562 0.002821115
0.034122314 0.0021460727
0.036267623 0.0091697015

-0.015216613 0.060866557
-0.015013625 0.05985629
-0.015436648 0.060185008
-0.014965135 0.05918577
-0.0152312135 0.060613208

0.1039339 -0.067997515
0.1054661 -0.06965798
0.10596151 -0.06957442
0.10584401 -0.06973948
0.1068136 -0.070999146

0.07203875 0.04027575
0.07478111 0.037845228
0.07521779 0.038629074
0.07398806 0.03861426
0.075098895 0.03828921

0.023624716 0.065837175
0.020162053 0.06696654
0.019688876 0.06660738
0.02123464 0.06595255
0.0224565 0.06566064

0.08192377 0.011726789
0.08196683 0.011884223
0.08028996 0.011911542
0.081591785 0.011918563
0.0812331 0.011920023

0.05522742 -0.08735518
0.058774482 -0.084377974
0.058007542 -0.0850142
0.059409402 -0.083925195
0.061674908 -0.08224374

-0.13933009 0.05749277
-0.13437623 0.05267396
-0.14708053 0.0622607
-0.1446148 0.060377933
-0.1380945 0.056799654

0.0099950535 0.019392235
0.011129076 0.019151606
0.0116518205 0.020439299
0.010616957 0.019638758
0.011183816 0.019077929

-0.028390922 0.030250002
-0.030458802 0.02616699
-0.02989175 0.027777987
-0.03169728 0.023970896
-0.02700799 0.032529134

-0.016578108 0.1207126
-0.018475726 0.119634226
-0.01528621 0.121190764
-0.016667329 0.12065378
-0.017135778 0.120378785

0.097955704 -0.028157007
0.0993454 -0.027158901
0.097898275 -0.02755251
0.099944174 -0.026832078
0.09886598 -0.026941713

0.019586124 -0.04694211
0.01722797 -0.048982654
0.016915468 -0.049210157
0.027791359 -0.04279952
0.012298453 -0.050527908

0.016223758 -0.010030229
0.011529539 -0.010537141
0.008482826 -0.012004709
0.013172485 -0.010199608
0.010696553 -0.008914616

-0.0567672 -0.13475527
-0.05937607 -0.13285293
-0.056104545 -0.13533112
-0.05985687 -0.13378277
-0.05538525 -0.13461003

0.111002214 0.06428874
0.114294 0.060914826
0.11278872 0.060094107
0.11485871 0.06126652
0.114451304 0.063224465

0.0101490095 0.037175465
0.008482855 0.037928913
0.009433307 0.037598386
0.009602067 0.037667237
0.0133694885 0.037610415

-0.0625187 0.008455379
-0.08184888 0.0071152626
-0.08344136 0.0073832143
-0.0791612 0.0071967137
-0.0663109 0.008513217

-0.010665994 -0.08610938
-0.017181043 -0.073516645
-0.011704425 -0.08609262
-0.010252678 -0.086981304
-0.012742269 -0.08327071

-0.03755357 0.056267824
-0.038352933 0.06828873
-0.03783781 0.050272845
-0.03761872 0.040436342
-0.03772542 0.04722086

0.055451788 -0.017533459
0.05556271 -0.016654326
0.05618539 -0.012871622
0.05509352 -0.01736813
0.056723807 -0.016654164

-0.007098398 0.0053356527
-0.0070446436 0.00592675
-0.0069618323 0.005277085
-0.0074462886 0.0062253717
-0.007975458 0.0062218024

0.05239582 0.12676923
0.046052407 0.12454201
0.049297776 0.12584226
0.052079894 0.12679929
0.052115045 0.12677258

-0.0356617 0.050895207
-0.038939092 0.048599094
-0.03582294 0.053228505
-0.035966165 0.052506354
-0.038525358 0.04955589

0.080688514 0.004962507
0.08236159 0.00769457
0.08060771 0.003707988
0.08461249 0.015047719
0.0801 0.0018445982

-0.024356969 -0.013195419
-0.025167523 -0.0123838065
-0.026052773 -0.011208019
-0.02538966 -0.012222404
-0.023251113 -0.014422302

0.0037432266 0.048077915
0.004108652 0.048590016
0.004063884 0.04855799
0.0044071726 0.049046054
0.0045009735 0.049300198

0.0017072542 0.03427361
0.0021166757 0.03416985
0.002009607 0.03419929
0.002732648 0.03419596
0.0025234502 0.034209203

-0.016570697 0.06209995
-0.016730433 0.061737828
-0.016081572 0.06027868
-0.017475465 0.06257753
-0.017008238 0.06227213

0.024999818 -0.05589038
0.023719994 -0.05493747
0.024217276 -0.05589507
0.026071329 -0.05672978
0.024416292 -0.054525156

-0.13192457 0.19134629
-0.13430949 0.1910683
-0.12754238 0.19274275
-0.13162653 0.1915871
-0.12939732 0.1922584

0.034154054 -0.0023690448
0.028053112 -0.0031725732
0.027881565 -0.00347488
0.027713392 -0.0033388042
0.02794898 -0.0037581718

0.06473207 0.008962959
0.07325834 0.0047406363
0.08094512 0.0008722553
0.06266701 0.010004404
0.08208523 0.00048642315

-0.07896128 -0.003530138
-0.079563305 -0.0030864386
-0.07795315 -0.004136211
-0.07862552 -0.0035762638
-0.07767101 -0.0045630164

0.022391748 0.017492803
0.022474013 0.017570624
0.022077568 0.017746976
0.023240058 0.01714951
0.022488168 0.017456282

0.025120476 -0.025689915
0.0242443 -0.024802675
0.024478687 -0.024888013
0.023660498 -0.023659224
0.024378642 -0.024617039

-0.019442776 0.12032636
-0.017453982 0.120231204
-0.016877394 0.12258048
-0.019847255 0.12234614
-0.021229472 0.11699766

0.01978918 -0.09273371
0.010836569 -0.09444853
0.009113626 -0.09473136
0.009420266 -0.09467758
0.013741951 -0.093970716

0.12748876 -0.05673714
0.13106921 -0.05940686
0.12666303 -0.056103636
0.13815966 -0.064621754
0.13330026 -0.061216645

-0.09291595 -0.056235585
-0.09026717 -0.050214004
-0.08914034 -0.04816913
-0.09035269 -0.050877463
-0.088775605 -0.0463157

-0.022594612 -0.015236767
-0.032889187 -0.03001592
-0.026733646 -0.022124961
-0.01819871 -0.010388336
-0.02893065 -0.024473663

