100
-0.050449032 -0.08021952 -0.017192218 -0.078654215
-0.051846977 -0.081976265 -0.018358957 -0.07944039
-0.051916555 -0.081851184 -0.017273366 -0.07855809
-0.051267818 -0.08133555 -0.01732375 -0.0788347
-0.051737722 -0.0815897 -0.017251182 -0.07858605

-0.021079022 -0.056152675 0.018976038 -0.062051356
-0.02110078 -0.05850702 0.01985922 -0.06518388
-0.02123029 -0.056509227 0.019712634 -0.065259606
-0.021112876 -0.056888986 0.018041534 -0.056070063
-0.020946791 -0.05969879 0.018976033 -0.05983919

-0.050163664 -0.02229529 -0.0049437927 -0.023125004
-0.051235843 -0.0229612 -0.004303898 -0.022123931
-0.04913356 -0.021745376 -0.005493751 -0.024779523
-0.04902555 -0.021687163 -0.004765796 -0.023633717
-0.04915524 -0.021764556 -0.006161256 -0.026442116

-0.016920602 -0.019716358 -0.080217406 -0.063132405
-0.0123433415 -0.017375145 -0.07926909 -0.06468634
-0.016564636 -0.021913227 -0.07645974 -0.06641748
-0.018148407 -0.020840291 -0.07624679 -0.06694703
-0.013826694 -0.020862317 -0.07708994 -0.06596413

-0.023938494 -0.027351486 -0.07724718 0.09209598
-0.025187388 -0.0289917 -0.07802601 0.094933875
-0.025299042 -0.028967608 -0.07889603 0.09461474
-0.02459917 -0.028690008 -0.07732058 0.09349028
-0.025158087 -0.028870795 -0.07829213 0.09437916

-0.064919546 0.05761246 0.013083536 0.01460571
-0.061446723 0.052520677 0.015588389 0.016267963
-0.062943205 0.054412216 0.01670367 0.016843613
-0.06730431 0.06107708 0.016636103 0.016661253
-0.066620745 0.058954444 0.016134243 0.016227717

0.09032017 0.016826728 0.06297618 0.08089033
0.095675424 0.013385092 0.058694392 0.08177033
0.091116026 0.016305191 0.076995544 0.08675572
0.09323692 0.014953183 0.0570724 0.08167054
0.09037105 0.016790938 0.06407741 0.083806

-0.10924356 0.077725075 0.018312125 -0.0983388
-0.10656841 0.07661295 0.020364614 -0.10276518
-0.107186995 0.07696031 0.020747568 -0.102500714
-0.10565786 0.076476015 0.019021807 -0.09882122
-0.10589492 0.07692896 0.018481528 -0.097080305

0.017014308 0.0008313503 -0.04341356 0.050873924
0.014550775 0.008397718 -0.043996435 0.050278023
0.017493682 0.0027835371 -0.0436521 0.049989607
0.015518207 0.005081851 -0.043516174 0.050574426
0.018509353 -9.4206815e-05 -0.04301355 0.050045237

-0.13015346 0.027055541 0.12617657 -0.096548244
-0.13066888 0.027694324 0.12600642 -0.09715817
-0.12932278 0.023868939 0.1247624 -0.10538218
-0.13422768 0.02723167 0.12588067 -0.09749851
-0.13193321 0.026189946 0.12583898 -0.10028242

0.08485627 -0.005295575 -0.04296604 0.009309773
0.08509693 -0.005493599 -0.05634464 0.007955375
0.08513123 -0.0057923454 -0.05886579 0.007978353
0.08530572 -0.0059618345 -0.058810417 0.0075731445
0.084302664 -0.004006785 -0.034858733 0.010091738

-0.17403118 0.0033827242 -0.15405843 -0.14454874
-0.17258866 0.0053377175 -0.15443508 -0.14482225
-0.17794114 -0.0018801803 -0.15287308 -0.14359546
-0.17278454 0.005074342 -0.15453619 -0.14489365
-0.17509218 0.0019527395 -0.15348792 -0.14416169

0.0160595 0.017024865 0.10713535 0.092515096
0.014475602 0.018747756 0.108198605 0.09364991
0.014530321 0.018794606 0.10793479 0.093374394
0.014613867 0.018777713 0.107789114 0.09322602
0.013616112 0.01917709 0.10798884 0.09343659

-0.15985845 0.05963183 0.043854896 -0.036474563
-0.15892573 0.058820844 0.04783458 -0.04913599
-0.16104674 0.060913075 0.047262717 -0.04742321
-0.15907857 0.058967803 0.042212643 -0.03178502
-0.15984067 0.059634022 0.04026469 -0.02604112

-0.013138625 0.028739681 0.045222204 -0.04374498
-0.012080802 0.031900667 0.044345975 -0.042046458
-0.010409574 0.03192087 0.04425531 -0.03904215
-0.009607581 0.032519076 0.043874778 -0.038268294
-0.0108323125 0.032602046 0.043884072 -0.039013863

0.15509526 -0.05566425 0.065100595 0.022238193
0.16444625 -0.05998348 0.06409614 0.020917995
0.15670177 -0.05607483 0.065048076 0.019703854
0.16404969 -0.059507377 0.062769346 0.025530837
0.15413176 -0.054396473 0.06396666 0.023813725

0.067636676 0.0758952 -0.115156166 -0.13572642
0.067431815 0.07763122 -0.119578406 -0.13991775
0.068268724 0.069127366 -0.115800954 -0.13513465
0.06836929 0.07913352 -0.11358878 -0.13238347
0.06693621 0.08433659 -0.12057898 -0.14109124

0.042968914 -0.13183516 0.1053171 0.0017988874
0.042842556 -0.13175373 0.106508575 0.0020599132
0.042678177 -0.13331272 0.10708495 0.0014169227
0.042129047 -0.13347676 0.1081486 0.0010913148
0.04246069 -0.13081604 0.107592784 0.0005058025

0.00989357 0.063669905 0.13246416 0.018766839
0.0033361826 0.074678615 0.124653116 0.01892438
0.0074673127 0.0676937 0.13552165 0.018844873
0.008493089 0.06570998 0.14405861 0.01595024
0.0034594734 0.074096166 0.14000936 0.019619983

-0.001132024 -0.052977633 0.085417174 0.16640325
-0.0018723469 -0.052400354 0.08731931 0.17281324
0.002808465 -0.056238003 0.091802664 0.18174304
0.0027591093 -0.05669385 0.090004355 0.1770813
0.0027731138 -0.054199126 0.08971059 0.17389992

0.11071008 0.06677498 -0.06632068 -0.07042041
0.110766724 0.0667701 -0.0674002 -0.06914266
0.11081504 0.06677249 -0.06691106 -0.06962292
0.11077571 0.06676211 -0.06708778 -0.069407545
0.111308165 0.06685982 -0.06888609 -0.067561254

-0.11218991 0.0008944016 0.0049310178 0.044053487
-0.11211227 0.00076963624 0.003603099 0.04153194
-0.11118155 0.0011310768 0.004909884 0.043310516
-0.11154467 -0.00012025959 0.004630871 0.04260538
-0.11155667 0.00034033577 0.0047103153 0.043002494

0.052027497 0.025324184 -0.0010935207 0.01719468
0.048400216 0.023897346 0.00081842596 0.018681608
0.048687868 0.02450639 0.0009898825 0.018209541
0.050323233 0.02448264 -0.0011843902 0.01647303
0.049747147 0.025116332 0.0006611628 0.018212426

0.026560381 0.10291254 0.08703517 -0.07223606
0.025913412 0.10216655 0.0867512 -0.07239533
0.027151395 0.102743514 0.08613729 -0.072225876
0.02782267 0.1025966 0.085667685 -0.07225996
0.024814093 0.102030255 0.08670238 -0.07237687

0.023055958 0.10478685 -0.02453775 0.06988739
0.022617355 0.108949035 -0.023597183 0.06927198
0.021983666 0.10582211 -0.026208421 0.06993981
0.0231853 0.106959425 -0.023347665 0.06938158
0.02087056 0.11050598 -0.024151187 0.07015813

0.08057472 -0.04159367 0.108069986 0.10784166
0.08008835 -0.04168021 0.11012214 0.10144093
0.0802434 -0.041349918 0.1091275 0.10621054
0.07963126 -0.041815046 0.10939062 0.10382443
0.07932453 -0.04181845 0.10963648 0.10304826

0.09172566 -0.094716616 -0.068891555 0.07441172
0.090911955 -0.09677843 -0.07270687 0.071858816
0.08865837 -0.09533914 -0.07271013 0.0724809
0.08541597 -0.096811 -0.06851033 0.07230708
0.085527785 -0.09650151 -0.070883445 0.072517805

-0.019957561 0.017158067 0.06174602 -0.039838124
-0.01956111 0.015654115 0.061599556 -0.039944906
-0.02020135 0.02139642 0.06589131 -0.047955595
-0.020417413 0.01605023 0.06216306 -0.03965023
-0.020463882 0.018709896 0.06534017 -0.046502184

0.098431945 -0.04787553 0.027354285 0.08581819
0.0987399 -0.04608596 0.028767776 0.0856084
0.09874316 -0.048458353 0.028002094 0.08507676
0.09851602 -0.045916967 0.027564146 0.086345576
0.09873551 -0.046986267 0.027088728 0.085337274

-0.08066544 0.013133437 -0.0846753 -0.033629518
-0.08035272 0.0128720775 -0.08449398 -0.03228133
-0.08071261 0.01360236 -0.08346114 -0.036544062
-0.08038496 0.012938095 -0.08416906 -0.033037066
-0.08040318 0.013055149 -0.08453713 -0.03389725

0.029132389 -0.05091579 -0.04970086 -0.09418036
0.02945857 -0.051549576 -0.05146675 -0.09569248
0.029528609 -0.051690474 -0.051748995 -0.09599959
0.029500864 -0.051675104 -0.05141851 -0.09544696
0.02933413 -0.05038588 -0.043859843 -0.085062474

-0.09168356 -0.06816267 -0.008479589 0.032670893
-0.05542979 -0.06571225 -0.011323154 0.034836985
-0.12140823 -0.069986135 -0.008220125 0.033013746
-0.090096176 -0.06794262 -0.010449456 0.034687694
-0.09878019 -0.068618245 -0.0063234866 0.031165037

0.08997383 -0.12994823 0.07196235 -0.10447559
0.09058247 -0.1278672 0.071872614 -0.10460136
0.08814577 -0.12832539 0.07372068 -0.10175671
0.09051525 -0.12758708 0.07105453 -0.1058987
0.09400002 -0.13906075 0.0718715 -0.10241308

-0.0937514 -0.01514762 -0.06314821 0.06684656
-0.09202795 -0.015757792 -0.062672846 0.06777853
-0.08976574 -0.016724903 -0.062290866 0.06761819
-0.09520571 -0.014677705 -0.06235716 0.06767901
-0.09122533 -0.016148107 -0.062446564 0.06745234

0.0687347 -0.04927647 0.015387518 0.028862491
0.06915841 -0.04599418 0.018730797 0.040843666
0.06904044 -0.042939432 0.018435802 0.03907909
0.06922214 -0.04111427 0.018906564 0.040896945
0.06844033 -0.05594596 0.014348363 0.026183516

0.02197323 -0.002710233 0.019228611 0.06959329
0.022964649 -0.0034471103 0.019498868 0.0705676
0.024588969 -0.004733402 0.019388296 0.06955482
0.023630774 -0.0038320564 0.019769289 0.07336885
0.021439929 -0.002212222 0.01866217 0.06646838

-0.10242845 -0.06898818 -0.08123436 0.050939173
-0.10210105 -0.06913788 -0.08124465 0.0504659
-0.102386005 -0.0686859 -0.08127409 0.05129163
-0.10137685 -0.06975678 -0.08084663 0.04971299
-0.10182926 -0.06986235 -0.08107957 0.049755204

0.06765775 0.06975666 0.15975963 -0.019218797
0.06776476 0.069623105 0.1591108 -0.01806712
0.06831116 0.06997216 0.1599167 -0.018463308
0.06815437 0.06999183 0.16485526 -0.019378468
0.066351324 0.0689256 0.1620887 -0.018794142

-0.11826308 -0.1305859 0.00746821 0.06507662
-0.11866915 -0.1305117 0.007468384 0.06507532
-0.11844075 -0.1306357 0.006807147 0.06514034
-0.1163997 -0.13003498 0.0045750826 0.061965328
-0.11996621 -0.13063657 0.0065813717 0.0623576

-0.05251443 -0.0065906015 -0.0050200494 0.008141447
-0.05262091 -0.006879042 -0.007559848 0.0088372445
-0.05047996 -0.004823005 -0.009901068 0.009778121
-0.051063165 -0.0053160232 -0.0066073495 0.009106532
-0.054153655 -0.008261057 -0.0040723733 0.0075084832

0.071885265 0.017606944 -0.12912606 -0.13781238
0.071906984 0.017621793 -0.12907681 -0.13817818
0.072152875 0.018122412 -0.12860282 -0.13634208
0.072341695 0.017253151 -0.12921414 -0.13906203
0.07202366 0.017883182 -0.12877952 -0.13707803

-0.0063989516 -0.1277002 -0.09039332 0.0020758277
-0.0048728087 -0.12771851 -0.09422995 -0.0027900375
-0.0054616104 -0.12797722 -0.092561625 -0.00069895823
-0.0060272305 -0.1271245 -0.09203264 0.0002962387
-0.005303203 -0.12761182 -0.09210333 -0.00014523458

0.16807088 -0.12101208 -0.07859403 0.042011447
0.17072088 -0.1213783 -0.078852765 0.042198434
0.1704635 -0.12203214 -0.07836087 0.041926775
0.17057115 -0.12193661 -0.07920588 0.042280264
0.16745996 -0.11969552 -0.07875452 0.04204012

-0.031837795 0.028732445 0.04615893 0.034657516
-0.031820595 0.020981012 0.046983212 0.03309208
-0.031143421 0.024748148 0.04506473 0.03844937
-0.032908928 0.015088334 0.045740772 0.035251368
-0.030654978 0.02630702 0.04629659 0.03748811

0.07917339 0.006589917 -0.064233854 -0.008160226
0.07877649 0.007008373 -0.0694734 -0.008663532
0.08047704 0.0025676612 -0.06923949 -0.0085950615
0.08185378 0.0025504085 -0.06993597 -0.009348747
0.07698709 0.00667572 -0.06125509 -0.006774775

0.013354973 0.0051850686 0.0024576518 -0.03318196
0.012306733 0.002821298 0.0005265319 -0.033253685
0.012704805 0.0026187946 0.0001282286 -0.033525303
0.013145082 0.0050453 0.0030956636 -0.03305169
0.013055676 0.0042732367 0.0003708873 -0.03367768

-0.02308151 0.077880286 -0.07526889 0.0024933852
-0.020630637 0.08130585 -0.07718244 0.0075994446
-0.02370919 0.07621275 -0.076333955 0.0051317867
-0.021539921 0.07944187 -0.077012524 0.0047768066
-0.021436151 0.0804162 -0.075749665 0.001929802

0.03128785 0.0063180765 0.10996882 0.02386427
0.034115635 0.0060629975 0.1105446 0.023357198
0.033709317 0.0058138906 0.10909452 0.024630036
0.03188599 0.006722271 0.11139373 0.02261611
0.032781888 0.0054595107 0.11065238 0.023267604

0.048841223 -0.028861905 -0.023739984 -0.0037492553
0.049836714 -0.029415485 -0.023569364 -0.0036943743
0.047730125 -0.028347129 -0.02364 -0.004411907
0.04463002 -0.026667524 -0.02376345 -0.0027537784
0.046189327 -0.027577806 -0.023489395 -0.0034561583

-0.03177874 0.0037494856 -0.013313106 0.01806035
-0.026806906 0.0018938829 -0.011075412 0.02065972
-0.02688903 0.0013763865 -0.017787572 0.010751452
-0.03322551 0.0043452457 -0.015726596 0.014407019
-0.032962505 0.003890877 -0.019355027 0.008952491

0.030224496 -0.09083768 0.07721823 -0.05374951
0.030223668 -0.09141207 0.07893539 -0.05392714
0.030003693 -0.09031656 0.07760601 -0.053551696
0.03066107 -0.09330814 0.07559332 -0.0529522
0.030012667 -0.08992411 0.077314205 -0.053620014

-0.092576854 0.058183372 -0.03884811 -0.07122747
-0.09327838 0.057840325 -0.037336707 -0.07133467
-0.09368272 0.057538364 -0.037762497 -0.07128222
-0.09381598 0.057863127 -0.037426542 -0.07136539
-0.09304209 0.05782742 -0.037905008 -0.07124052

0.009410734 -0.009773492 -0.0121705225 0.04754522
0.012964824 -0.007458487 -0.0087019615 0.044315916
0.018276066 -0.0030027148 -0.011567426 0.046597686
0.019525379 -0.0021615927 -0.009972234 0.045414716
0.015934112 -0.0045227045 -0.009497154 0.04527032

-0.08496218 0.04229254 0.114879616 0.079676166
-0.084754564 0.04249725 0.11527928 0.08037741
-0.08465863 0.04253808 0.1148288 0.07958401
-0.08569387 0.04149077 0.11606007 0.08172188
-0.08691862 0.04033967 0.120970644 0.09024344

-0.048450343 0.019789135 0.1401756 -0.024913948
-0.03483365 0.022747442 0.1404617 -0.025885953
-0.047261957 0.02054813 0.14057526 -0.025581654
-0.042741127 0.022341194 0.13925846 -0.023433814
-0.045936413 0.020664465 0.14052464 -0.025986038

0.0336077 -0.07294812 -0.07341521 -0.020609709
0.033164576 -0.07453545 -0.07633468 -0.021452358
0.03340048 -0.07347956 -0.07230548 -0.01899297
0.032161515 -0.07604904 -0.077227026 -0.022095848
0.034608975 -0.070277266 -0.068914786 -0.018154822

-0.03829965 0.02348699 -0.114518665 -0.030851442
-0.039448258 0.02378406 -0.11491676 -0.030529393
-0.042935908 0.024026986 -0.11728053 -0.030258415
-0.032967396 0.023640547 -0.11009681 -0.031737693
-0.04220479 0.023964396 -0.11743278 -0.030108707

0.04672774 0.19262435 -0.028313879 -0.066763096
0.032260016 0.18771492 -0.02748539 -0.06725536
0.045696903 0.19018936 -0.027889691 -0.06699372
0.029842127 0.18996453 -0.029289665 -0.066784844
0.06531726 0.19342154 -0.02740795 -0.06819608

-0.07049751 -0.086785875 0.11328861 -0.025882848
-0.06715979 -0.08427372 0.10702324 -0.023287542
-0.06960307 -0.08585333 0.10939426 -0.024092415
-0.067333765 -0.0837172 0.107015796 -0.023224775
-0.0707258 -0.08690101 0.106749125 -0.022896806

0.033323627 -0.00038796716 -0.0047672633 -0.061085314
0.03497859 0.004924175 -0.0066138674 -0.056698576
0.034316562 0.002821115 -0.0048179235 -0.05931652
0.034122314 0.0021460727 -0.0059241704 -0.056334708
0.036267623 0.0091697015 -0.006372574 -0.05803498

-0.015216613 0.060866557 0.08155311 0.00023929481
-0.015013625 0.05985629 0.08108327 -0.00042374077
-0.015436648 0.060185008 0.081485525 0.00027520137
-0.014965135 0.05918577 0.08131771 -0.00018284557
-0.0152312135 0.060613208 0.0819029 0.00031610753

0.1039339 -0.067997515 0.017992383 -0.13067989
0.1054661 -0.06965798 0.016437912 -0.1258458
0.10596151 -0.06957442 0.016962135 -0.12900248
0.10584401 -0.06973948 0.015536925 -0.12375443
0.1068136 -0.070999146 0.014939179 -0.121901385

0.07203875 0.04027575 -0.046003625 -0.103392124
0.07478111 0.037845228 -0.04727714 -0.10212788
0.07521779 0.038629074 -0.044197243 -0.10544624
0.07398806 0.03861426 -0.04594606 -0.103409775
0.075098895 0.03828921 -0.046537742 -0.10285669

0.023624716 0.065837175 -0.01573491 -0.009389152
0.020162053 0.06696654 -0.024009066 -0.019420376
0.019688876 0.06660738 -0.018088067 -0.012341945
0.02123464 0.06595255 -0.0133167105 -0.006608454
0.0224565 0.06566064 -0.012876223 -0.0060403696

0.08192377 0.011726789 -0.03225703 0.02132026
0.08196683 0.011884223 -0.035250057 0.021832192
0.08028996 0.011911542 -0.031779375 0.021632018
0.081591785 0.011918563 -0.037705254 0.022810489
0.0812331 0.011920023 -0.032191128 0.021405926

0.05522742 -0.08735518 0.041943695 0.030554751
0.058774482 -0.084377974 0.042150576 0.02994717
0.058007542 -0.0850142 0.041962624 0.030443978
0.059409402 -0.083925195 0.0419727 0.030518582
0.061674908 -0.08224374 0.04168875 0.03128314

-0.13933009 0.05749277 0.08885658 0.07192409
-0.13437623 0.05267396 0.090198226 0.07067597
-0.14708053 0.0622607 0.089765 0.07231489
-0.1446148 0.060377933 0.0900515 0.071893245
-0.1380945 0.056799654 0.09026818 0.06944113

0.0099950535 0.019392235 0.051907293 0.02300731
0.011129076 0.019151606 0.04917722 0.021949034
0.0116518205 0.020439299 0.04820687 0.02181192
0.010616957 0.019638758 0.05292242 0.023461461
0.011183816 0.019077929 0.05148159 0.022887306

-0.028390922 0.030250002 -0.024317378 0.01530018
-0.030458802 0.02616699 -0.021126915 0.009423926
-0.02989175 0.027777987 -0.02363288 0.013842082
-0.03169728 0.023970896 -0.020944275 0.00847906
-0.02700799 0.032529134 -0.025586493 0.017352857

-0.016578108 0.1207126 0.013504144 -0.0066179535
-0.018475726 0.119634226 0.013629615 -0.0067472565
-0.01528621 0.121190764 0.012823913 -0.008644126
-0.016667329 0.12065378 0.013271726 -0.0073651667
-0.017135778 0.120378785 0.013467569 -0.0069407197

0.097955704 -0.028157007 -0.0964491 -0.08801779
0.0993454 -0.027158901 -0.09731737 -0.08827779
0.097898275 -0.02755251 -0.094726235 -0.08719342
0.099944174 -0.026832078 -0.09819857 -0.08937441
0.09886598 -0.026941713 -0.09510455 -0.087217465

0.019586124 -0.04694211 -0.041020643 0.019740572
0.01722797 -0.048982654 -0.04494575 0.019738028
0.016915468 -0.049210157 -0.04160079 0.019615248
0.027791359 -0.04279952 -0.0449332 0.019401105
0.012298453 -0.050527908 -0.047183227 0.019996904

0.016223758 -0.010030229 0.074176535 -0.04407008
0.011529539 -0.010537141 0.070415735 -0.046456296
0.008482826 -0.012004709 0.07399286 -0.042149507
0.013172485 -0.010199608 0.07717554 -0.04215009
0.010696553 -0.008914616 0.07525182 -0.043135587

-0.0567672 -0.13475527 -0.037033956 -0.10137273
-0.05937607 -0.13285293 -0.036714084 -0.09440802
-0.056104545 -0.13533112 -0.037095297 -0.10272014
-0.05985687 -0.13378277 -0.0364245 -0.08780275
-0.05538525 -0.13461003 -0.037355397 -0.10423523

0.111002214 0.06428874 -0.093249865 0.0196605
0.114294 0.060914826 -0.10318831 0.028114341
0.11278872 0.060094107 -0.09929802 0.026154995
0.11485871 0.06126652 -0.10475751 0.028931525
0.114451304 0.063224465 -0.099677145 0.025238765

0.0101490095 0.037175465 -0.06210955 -0.07604197
0.008482855 0.037928913 -0.05826916 -0.07278097
0.009433307 0.037598386 -0.06053188 -0.07355658
0.009602067 0.037667237 -0.060474288 -0.073277146
0.0133694885 0.037610415 -0.060590114 -0.0725308

-0.0625187 0.008455379 0.047394063 0.086398125
-0.08184888 0.0071152626 0.047964986 0.08845752
-0.08344136 0.0073832143 0.04739535 0.08737645
-0.0791612 0.0071967137 0.048960548 0.09021992
-0.0663109 0.008513217 0.046453163 0.08417967

-0.010665994 -0.08610938 -0.044369463 -0.16638285
-0.017181043 -0.073516645 -0.045930684 -0.16989525
-0.011704425 -0.08609262 -0.045722824 -0.17086892
-0.010252678 -0.086981304 -0.044103656 -0.16829751
-0.012742269 -0.08327071 -0.044941362 -0.17218718

-0.03755357 0.056267824 -0.0064196507 -0.15668097
-0.038352933 0.06828873 -0.0027828387 -0.15953995
-0.03783781 0.050272845 -0.0065079415 -0.15777907
-0.03761872 0.040436342 -0.0078385165 -0.15699345
-0.03772542 0.04722086 -0.0071817357 -0.15743841

0.055451788 -0.017533459 0.012797394 0.03737461
0.05556271 -0.016654326 0.012992288 0.028481597
0.05618539 -0.012871622 0.012313274 0.026372422
0.05509352 -0.01736813 0.012814826 0.031053241
0.056723807 -0.016654164 0.013626251 0.033539012

-0.007098398 0.0053356527 0.007096139 0.0036875724
-0.0070446436 0.00592675 0.0047063422 0.0044532167
-0.0069618323 0.005277085 0.0058176816 0.0028540671
-0.0074462886 0.0062253717 0.0031410456 0.0024722565
-0.007975458 0.0062218024 0.005736052 0.0025282495

0.05239582 0.12676923 -0.007984508 0.057881854
0.046052407 0.12454201 -0.0073223016 0.05708943
0.049297776 0.12584226 -0.0066194003 0.056551553
0.052079894 0.12679929 -0.00874335 0.05761956
0.052115045 0.12677258 -0.008079042 0.057437524

-0.0356617 0.050895207 -0.035885572 0.18754254
-0.038939092 0.048599094 -0.036366805 0.18427804
-0.03582294 0.053228505 -0.036665544 0.1825172
-0.035966165 0.052506354 -0.036365017 0.18445224
-0.038525358 0.04955589 -0.0367177 0.18208066

0.080688514 0.004962507 -0.019959887 -0.05441757
0.08236159 0.00769457 -0.021111164 -0.05330465
0.08060771 0.003707988 -0.020127079 -0.052009795
0.08461249 0.015047719 -0.022318173 -0.060124885
0.0801 0.0018445982 -0.021117684 -0.053724986

-0.024356969 -0.013195419 0.020399025 -0.04043477
-0.025167523 -0.0123838065 0.019379372 -0.041240126
-0.026052773 -0.011208019 0.021301327 -0.039193824
-0.02538966 -0.012222404 0.014026725 -0.04557849
-0.023251113 -0.014422302 0.01943259 -0.041751247

0.0037432266 0.048077915 0.05636869 -0.087972544
0.004108652 0.048590016 0.0560184 -0.08799347
0.004063884 0.04855799 0.05546139 -0.0880336
0.0044071726 0.049046054 0.053047024 -0.08836962
0.0045009735 0.049300198 0.055706788 -0.08788312

0.0017072542 0.03427361 0.09038429 -0.085531
0.0021166757 0.03416985 0.09080538 -0.082522765
0.002009607 0.03419929 0.09075676 -0.082816206
0.002732648 0.03419596 0.090693146 -0.08291319
0.0025234502 0.034209203 0.09064928 -0.08307868

-0.016570697 0.06209995 -0.033689156 0.055474818
-0.016730433 0.061737828 -0.033269987 0.053178675
-0.016081572 0.06027868 -0.033684373 0.050832283
-0.017475465 0.06257753 -0.032886352 0.05552355
-0.017008238 0.06227213 -0.033510666 0.054680046

0.024999818 -0.05589038 0.13811268 0.08507589
0.023719994 -0.05493747 0.13715594 0.081425115
0.024217276 -0.05589507 0.13744165 0.0824685
0.026071329 -0.05672978 0.1380917 0.084916115
0.024416292 -0.054525156 0.13758466 0.08317476

-0.13192457 0.19134629 0.013345821 0.11912455
-0.13430949 0.1910683 0.013297258 0.11902683
-0.12754238 0.19274275 0.0132368095 0.11908107
-0.13162653 0.1915871 0.013219526 0.1190759
-0.12939732 0.1922584 0.01326597 0.119077556

0.034154054 -0.0023690448 0.0069826287 -0.03335729
0.028053112 -0.0031725732 0.0047278316 -0.031236464
0.027881565 -0.00347488 0.0038005095 -0.03138596
0.027713392 -0.0033388042 0.0042386553 -0.032155007
0.02794898 -0.0037581718 0.0033172772 -0.030456003

0.06473207 0.008962959 -0.087618105 0.06479105
0.07325834 0.0047406363 -0.08753586 0.06331507
0.08094512 0.0008722553 -0.08722951 0.059639372
0.06266701 0.010004404 -0.08774342 0.06695837
0.08208523 0.00048642315 -0.08757581 0.06376884

-0.07896128 -0.003530138 -0.2324405 0.098604076
-0.079563305 -0.0030864386 -0.23240228 0.09866409
-0.07795315 -0.004136211 -0.23153727 0.09915988
-0.07862552 -0.0035762638 -0.23155165 0.09905334
-0.07767101 -0.0045630164 -0.23232424 0.09867926

0.022391748 0.017492803 0.02274468 0.030877782
0.022474013 0.017570624 0.023297558 0.030683089
0.022077568 0.017746976 0.019988349 0.03251703
0.023240058 0.01714951 0.022661654 0.030908534
0.022488168 0.017456282 0.023421682 0.030471819

0.025120476 -0.025689915 0.014146921 0.05041428
0.0242443 -0.024802675 0.010790487 0.053295784
0.024478687 -0.024888013 -6.0534545e-05 0.055359
0.023660498 -0.023659224 0.005943476 0.053949468
0.024378642 -0.024617039 -0.0012948605 0.055243626

-0.019442776 0.12032636 0.0130157 -0.139026
-0.017453982 0.120231204 0.0073192082 -0.1346659
-0.016877394 0.12258048 0.01266708 -0.12909009
-0.019847255 0.12234614 0.019046478 -0.1360264
-0.021229472 0.11699766 0.010548586 -0.1494997

0.01978918 -0.09273371 -0.17084059 0.07719644
0.010836569 -0.09444853 -0.16857475 0.07787197
0.009113626 -0.09473136 -0.16556287 0.078837365
0.009420266 -0.09467758 -0.16672134 0.0784674
0.013741951 -0.093970716 -0.16677652 0.07849247

0.12748876 -0.05673714 -0.06415676 0.0552231
0.13106921 -0.05940686 -0.063620776 0.054644782
0.12666303 -0.056103636 -0.06324546 0.054249804
0.13815966 -0.064621754 -0.063638255 0.05468683
0.13330026 -0.061216645 -0.06454305 0.055614606

-0.09291595 -0.056235585 0.091574766 -0.0561918
-0.09026717 -0.050214004 0.0976179 -0.047734655
-0.08914034 -0.04816913 0.09679164 -0.048234355
-0.09035269 -0.050877463 0.091598414 -0.05591735
-0.088775605 -0.0463157 0.09195689 -0.055926807

-0.022594612 -0.015236767 -0.07331586 0.04385788
-0.032889187 -0.03001592 -0.074028514 0.044271324
-0.026733646 -0.022124961 -0.07414302 0.04429494
-0.01819871 -0.010388336 -0.07345565 0.043918703
-0.02893065 -0.024473663 -0.070457734 0.042242248

