100
-0.017192218 -0.078654215
-0.018358957 -0.07944039
-0.017273366 -0.07855809
-0.01732375 -0.0788347
-0.017251182 -0.07858605

0.018976038 -0.062051356
0.01985922 -0.06518388
0.019712634 -0.065259606
0.018041534 -0.056070063
0.018976033 -0.05983919

-0.0049437927 -0.023125004
-0.004303898 -0.022123931
-0.005493751 -0.024779523
-0.004765796 -0.023633717
-0.006161256 -0.026442116

-0.080217406 -0.063132405
-0.07926909 -0.06468634
-0.07645974 -0.06641748
-0.07624679 -0.06694703
-0.07708994 -0.06596413

-0.07724718 0.09209598
-0.07802601 0.094933875
-0.07889603 0.09461474
-0.07732058 0.09349028
-0.07829213 0.09437916

0.013083536 0.01460571
0.015588389 0.016267963
0.01670367 0.016843613
0.016636103 0.016661253
0.016134243 0.016227717

0.06297618 0.08089033
0.058694392 0.08177033
0.076995544 0.08675572
0.0570724 0.08167054
0.06407741 0.083806

0.018312125 -0.0983388
0.020364614 -0.10276518
0.020747568 -0.102500714
0.019021807 -0.09882122
0.018481528 -0.097080305

-0.04341356 0.050873924
-0.043996435 0.050278023
-0.0436521 0.049989607
-0.043516174 0.050574426
-0.04301355 0.050045237

0.12617657 -0.096548244
0.12600642 -0.09715817
0.1247624 -0.10538218
0.12588067 -0.09749851
0.12583898 -0.10028242

-0.04296604 0.009309773
-0.05634464 0.007955375
-0.05886579 0.007978353
-0.058810417 0.0075731445
-0.034858733 0.010091738

-0.15405843 -0.14454874
-0.15443508 -0.14482225
-0.15287308 -0.14359546
-0.15453619 -0.14489365
-0.15348792 -0.14416169

0.10713535 0.092515096
0.108198605 0.09364991
0.10793479 0.093374394
0.107789114 0.09322602
0.10798884 0.09343659

0.043854896 -0.036474563
0.04783458 -0.04913599
0.047262717 -0.04742321
0.042212643 -0.03178502
0.04026469 -0.02604112

0.045222204 -0.04374498
0.044345975 -0.042046458
0.04425531 -0.03904215
0.043874778 -0.038268294
0.043884072 -0.039013863

0.065100595 0.022238193
0.06409614 0.020917995
0.065048076 0.019703854
0.062769346 0.025530837
0.06396666 0.023813725

-0.115156166 -0.13572642
-0.119578406 -0.13991775
-0.115800954 -0.13513465
-0.11358878 -0.13238347
-0.12057898 -0.14109124

0.1053171 0.0017988874
0.106508575 0.0020599132
0.10708495 0.0014169227
0.1081486 0.0010913148
0.107592784 0.0005058025

0.13246416 0.018766839
0.124653116 0.01892438
0.13552165 0.018844873
0.14405861 0.01595024
0.14000936 0.019619983

0.085417174 0.16640325
0.08731931 0.17281324
0.091802664 0.18174304
0.090004355 0.1770813
0.08971059 0.17389992

-0.06632068 -0.07042041
-0.0674002 -0.06914266
-0.06691106 -0.06962292
-0.06708778 -0.069407545
-0.06888609 -0.067561254

0.0049310178 0.044053487
0.003603099 0.04153194
0.004909884 0.043310516
0.004630871 0.04260538
0.0047103153 0.043002494

-0.0010935207 0.01719468
0.00081842596 0.018681608
0.0009898825 0.018209541
-0.0011843902 0.01647303
0.0006611628 0.018212426

0.08703517 -0.07223606
0.0867512 -0.07239533
0.08613729 -0.072225876
0.085667685 -0.07225996
0.08670238 -0.07237687

-0.02453775 0.06988739
-0.023597183 0.06927198
-0.026208421 0.06993981
-0.023347665 0.06938158
-0.024151187 0.07015813

0.108069986 0.10784166
0.11012214 0.10144093
0.1091275 0.10621054
0.10939062 0.10382443
0.10963648 0.10304826

-0.068891555 0.07441172
-0.07270687 0.071858816
-0.07271013 0.0724809
-0.06851033 0.07230708
-0.070883445 0.072517805

0.06174602 -0.039838124
0.061599556 -0.039944906
0.06589131 -0.047955595
0.06216306 -0.03965023
0.06534017 -0.046502184

0.027354285 0.08581819
0.028767776 0.0856084
0.028002094 0.08507676
0.027564146 0.086345576
0.027088728 0.085337274

-0.0846753 -0.033629518
-0.08449398 -0.03228133
-0.08346114 -0.036544062
-0.08416906 -0.033037066
-0.08453713 -0.03389725

-0.04970086 -0.09418036
-0.05146675 -0.09569248
-0.051748995 -0.09599959
-0.05141851 -0.09544696
-0.043859843 -0.085062474

-0.008479589 0.032670893
-0.011323154 0.034836985
-0.008220125 0.033013746
-0.010449456 0.034687694
-0.0063234866 0.031165037

0.07196235 -0.10447559
0.071872614 -0.10460136
0.07372068 -0.10175671
0.07105453 -0.1058987
0.0718715 -0.10241308

-0.06314821 0.06684656
-0.062672846 0.06777853
-0.062290866 0.06761819
-0.06235716 0.06767901
-0.062446564 0.06745234

0.015387518 0.028862491
0.018730797 0.040843666
0.018435802 0.03907909
0.018906564 0.040896945
0.014348363 0.026183516

0.019228611 0.06959329
0.019498868 0.0705676
0.019388296 0.06955482
0.019769289 0.07336885
0.01866217 0.06646838

-0.08123436 0.050939173
-0.08124465 0.0504659
-0.08127409 0.05129163
-0.08084663 0.04971299
-0.08107957 0.049755204

0.15975963 -0.019218797
0.1591108 -0.01806712
0.1599167 -0.018463308
0.16485526 -0.019378468
0.1620887 -0.018794142

0.00746821 0.06507662
0.007468384 0.06507532
0.006807147 0.06514034
0.0045750826 0.061965328
0.0065813717 0.0623576

-0.0050200494 0.008141447
-0.007559848 0.0088372445
-0.009901068 0.009778121
-0.0066073495 0.009106532
-0.0040723733 0.0075084832

-0.12912606 -0.13781238
-0.12907681 -0.13817818
-0.12860282 -0.13634208
-0.12921414 -0.13906203
-0.12877952 -0.13707803

-0.09039332 0.0020758277
-0.09422995 -0.0027900375
-0.092561625 -0.00069895823
-0.09203264 0.0002962387
-0.09210333 -0.00014523458

-0.07859403 0.042011447
-0.078852765 0.042198434
-0.07836087 0.041926775
-0.07920588 0.042280264
-0.07875452 0.04204012

0.04615893 0.034657516
0.046983212 0.03309208
0.04506473 0.03844937
0.045740772 0.035251368
0.04629659 0.03748811

-0.064233854 -0.008160226
-0.0694734 -0.008663532
-0.06923949 -0.0085950615
-0.06993597 -0.009348747
-0.06125509 -0.006774775

0.0024576518 -0.03318196
0.0005265319 -0.033253685
0.0001282286 -0.033525303
0.0030956636 -0.03305169
0.0003708873 -0.03367768

-0.07526889 0.0024933852
-0.07718244 0.0075994446
-0.076333955 0.0051317867
-0.077012524 0.0047768066
-0.075749665 0.001929802

0.10996882 0.02386427
0.1105446 0.023357198
0.10909452 0.024630036
0.11139373 0.02261611
0.11065238 0.023267604

-0.023739984 -0.0037492553
-0.023569364 -0.0036943743
-0.02364 -0.004411907
-0.02376345 -0.0027537784
-0.023489395 -0.0034561583

-0.013313106 0.01806035
-0.011075412 0.02065972
-0.017787572 0.010751452
-0.015726596 0.014407019
-0.019355027 0.008952491

0.07721823 -0.05374951
0.07893539 -0.05392714
0.07760601 -0.053551696
0.07559332 -0.0529522
0.077314205 -0.053620014

-0.03884811 -0.07122747
-0.037336707 -0.07133467
-0.037762497 -0.07128222
-0.037426542 -0.07136539
-0.037905008 -0.07124052

-0.0121705225 0.04754522
-0.0087019615 0.044315916
-0.011567426 0.046597686
-0.009972234 0.045414716
-0.009497154 0.04527032

0.114879616 0.079676166
0.11527928 0.08037741
0.1148288 0.07958401
0.11606007 0.08172188
0.120970644 0.09024344

0.1401756 -0.024913948
0.1404617 -0.025885953
0.14057526 -0.025581654
0.13925846 -0.023433814
0.14052464 -0.025986038

-0.07341521 -0.020609709
-0.07633468 -0.021452358
-0.07230548 -0.01899297
-0.077227026 -0.022095848
-0.068914786 -0.018154822

-0.114518665 -0.030851442
-0.11491676 -0.030529393
-0.11728053 -0.030258415
-0.11009681 -0.031737693
-0.11743278 -0.030108707

-0.028313879 -0.066763096
-0.02748539 -0.06725536
-0.027889691 -0.06699372
-0.029289665 -0.066784844
-0.02740795 -0.06819608

0.11328861 -0.025882848
0.10702324 -0.023287542
0.10939426 -0.024092415
0.107015796 -0.023224775
0.106749125 -0.022896806

-0.0047672633 -0.061085314
-0.0066138674 -0.056698576
-0.0048179235 -0.05931652
-0.0059241704 -0.056334708
-0.006372574 -0.05803498

0.08155311 0.00023929481
0.08108327 -0.00042374077
0.081485525 0.00027520137
0.08131771 -0.00018284557
0.0819029 0.00031610753

0.017992383 -0.13067989
0.016437912 -0.1258458
0.016962135 -0.12900248
0.015536925 -0.12375443
0.014939179 -0.121901385

-0.046003625 -0.103392124
-0.04727714 -0.10212788
-0.044197243 -0.10544624
-0.04594606 -0.103409775
-0.046537742 -0.10285669

-0.01573491 -0.009389152
-0.024009066 -0.019420376
-0.018088067 -0.012341945
-0.0133167105 -0.006608454
-0.012876223 -0.0060403696

-0.03225703 0.02132026
-0.035250057 0.021832192
-0.031779375 0.021632018
-0.037705254 0.022810489
-0.032191128 0.021405926

0.041943695 0.030554751
0.042150576 0.02994717
0.041962624 0.030443978
0.0419727 0.030518582
0.04168875 0.03128314

0.08885658 0.07192409
0.090198226 0.07067597
0.089765 0.07231489
0.0900515 0.071893245
0.09026818 0.06944113

0.051907293 0.02300731
0.04917722 0.021949034
0.04820687 0.02181192
0.05292242 0.023461461
0.05148159 0.022887306

-0.024317378 0.01530018
-0.021126915 0.009423926
-0.02363288 0.013842082
-0.020944275 0.00847906
-0.025586493 0.017352857

0.013504144 -0.0066179535
0.013629615 -0.0067472565
0.012823913 -0.008644126
0.013271726 -0.0073651667
0.013467569 -0.0069407197

-0.0964491 -0.08801779
-0.09731737 -0.08827779
-0.094726235 -0.08719342
-0.09819857 -0.08937441
-0.09510455 -0.087217465

-0.041020643 0.019740572
-0.04494575 0.019738028
-0.04160079 0.019615248
-0.0449332 0.019401105
-0.047183227 0.019996904

0.074176535 -0.04407008
0.070415735 -0.046456296
0.07399286 -0.042149507
0.07717554 -0.04215009
0.07525182 -0.043135587

-0.037033956 -0.10137273
-0.036714084 -0.09440802
-0.037095297 -0.10272014
-0.0364245 -0.08780275
-0.037355397 -0.10423523

-0.093249865 0.0196605
-0.10318831 0.028114341
-0.09929802 0.026154995
-0.10475751 0.028931525
-0.099677145 0.025238765

-0.06210955 -0.07604197
-0.05826916 -0.07278097
-0.06053188 -0.07355658
-0.060474288 -0.073277146
-0.060590114 -0.0725308

0.047394063 0.086398125
0.047964986 0.08845752
0.04739535 0.08737645
0.048960548 0.09021992
0.046453163 0.08417967

-0.044369463 -0.16638285
-0.045930684 -0.16989525
-0.045722824 -0.17086892
-0.044103656 -0.16829751
-0.044941362 -0.17218718

-0.0064196507 -0.15668097
-0.0027828387 -0.15953995
-0.0065079415 -0.15777907
-0.0078385165 -0.15699345
-0.0071817357 -0.15743841

0.012797394 0.03737461
0.012992288 0.028481597
0.012313274 0.026372422
0.012814826 0.031053241
0.013626251 0.033539012

0.007096139 0.0036875724
0.0047063422 0.0044532167
0.0058176816 0.0028540671
0.0031410456 0.0024722565
0.005736052 0.0025282495

-0.007984508 0.057881854
-0.0073223016 0.05708943
-0.0066194003 0.056551553
-0.00874335 0.05761956
-0.008079042 0.057437524

-0.035885572 0.18754254
-0.036366805 0.18427804
-0.036665544 0.1825172
-0.036365017 0.18445224
-0.0367177 0.18208066

-0.019959887 -0.05441757
-0.021111164 -0.05330465
-0.020127079 -0.052009795
-0.022318173 -0.060124885
-0.021117684 -0.053724986

0.020399025 -0.04043477
0.019379372 -0.041240126
0.021301327 -0.039193824
0.014026725 -0.04557849
0.01943259 -0.041751247

0.05636869 -0.087972544
0.0560184 -0.08799347
0.05546139 -0.0880336
0.053047024 -0.08836962
0.055706788 -0.08788312

0.09038429 -0.085531
0.09080538 -0.082522765
0.09075676 -0.082816206
0.090693146 -0.08291319
0.09064928 -0.08307868

-0.033689156 0.055474818
-0.033269987 0.053178675
-0.033684373 0.050832283
-0.032886352 0.05552355
-0.033510666 0.054680046

0.13811268 0.08507589
0.13715594 0.081425115
0.13744165 0.0824685
0.1380917 0.084916115
0.13758466 0.08317476

0.013345821 0.11912455
0.013297258 0.11902683
0.0132368095 0.11908107
0.013219526 0.1190759
0.01326597 0.119077556

0.0069826287 -0.03335729
0.0047278316 -0.031236464
0.0038005095 -0.03138596
0.0042386553 -0.032155007
0.0033172772 -0.030456003

-0.087618105 0.06479105
-0.08753586 0.06331507
-0.08722951 0.059639372
-0.08774342 0.06695837
-0.08757581 0.06376884

-0.2324405 0.098604076
-0.23240228 0.09866409
-0.23153727 0.09915988
-0.23155165 0.09905334
-0.23232424 0.09867926

0.02274468 0.030877782
0.023297558 0.030683089
0.019988349 0.03251703
0.022661654 0.030908534
0.023421682 0.030471819

0.014146921 0.05041428
0.010790487 0.053295784
-6.0534545e-05 0.055359
0.005943476 0.053949468
-0.0012948605 0.055243626

0.0130157 -0.139026
0.0073192082 -0.1346659
0.01266708 -0.12909009
0.019046478 -0.1360264
0.010548586 -0.1494997

-0.17084059 0.07719644
-0.16857475 0.07787197
-0.16556287 0.078837365
-0.16672134 0.0784674
-0.16677652 0.07849247

-0.06415676 0.0552231
-0.063620776 0.054644782
-0.06324546 0.054249804
-0.063638255 0.05468683
-0.06454305 0.055614606

0.091574766 -0.0561918
0.0976179 -0.047734655
0.09679164 -0.048234355
0.091598414 -0.05591735
0.09195689 -0.055926807

-0.07331586 0.04385788
-0.074028514 0.044271324
-0.07414302 0.04429494
-0.07345565 0.043918703
-0.070457734 0.042242248

