-0.062144 0.460024 -0.144793 -0.207483
0.196693 -0.432485 0.026617 0.350904
-0.211201 -0.095409 -0.033328 -0.173078
0.451009 0.193149 0.303190 -0.067922
-0.072716 0.181293 -0.141069 -0.434545

-0.261846 -0.302713 0.059152 0.074842
0.311002 0.135462 -0.085913 -0.205356
0.042705 -0.082856 -0.105353 0.120746
-0.418695 0.468326 0.315539 0.382823
0.160765 0.495360 0.210354 -0.213694

0.108766 0.048221 0.336071 0.359540
-0.373997 -0.096158 -0.007652 -0.068770
0.477102 -0.012378 -0.289119 0.345037
0.038462 0.262589 0.053916 -0.236062
0.244878 0.022718 0.210638 -0.413136

0.390054 -0.114449 0.140949 -0.059961
0.021339 0.434868 0.209571 0.300275
-0.199137 -0.418226 0.193612 -0.290027
-0.209192 -0.424214 0.123523 0.276044
-0.249515 -0.125926 0.175654 -0.372054

0.489055 -0.077241 -0.246885 0.405526
-0.181871 0.460203 0.471905 0.220744
0.192714 0.297205 0.309597 -0.315586
-0.315992 -0.133328 0.229347 -0.060957
0.007475 0.237955 0.250918 -0.133512

0.152068 0.475073 0.312667 -0.147643
-0.494958 -0.299408 -0.119690 -0.470102
-0.334347 -0.287315 -0.193960 -0.247061
0.088619 0.418730 -0.166946 0.124783
0.383653 0.125716 0.277721 0.453487

-0.108174 0.187906 -0.051070 0.052865
-0.006507 0.492095 -0.226554 0.396615
0.266904 -0.468135 0.351104 0.429347
-0.472217 0.198555 -0.334783 0.441886
0.159431 0.341546 0.427993 0.321506

-0.435951 -0.270417 -0.187849 -0.368934
-0.309385 -0.098929 0.343945 0.270569
-0.019911 -0.170915 -0.127447 0.264257
-0.309401 0.411074 0.177465 -0.032086
-0.358083 0.456512 -0.309498 -0.105633

-0.019171 0.048108 0.277011 0.346375
0.445269 0.378318 -0.308297 -0.114096
0.002391 0.163826 -0.432516 0.302937
0.167107 0.038034 -0.058221 -0.115776
-0.349958 -0.210063 -0.357132 0.154284

0.199446 -0.154826 0.334966 -0.100655
0.381408 -0.114056 0.116797 0.342041
-0.318963 0.082179 -0.372999 0.134513
0.379184 -0.233800 -0.369893 0.302807
0.486168 0.183688 0.186422 -0.087421

0.313801 -0.076765 -0.144536 0.389563
-0.400197 0.332847 0.308909 -0.111740
-0.419895 -0.234891 -0.049482 0.361940
-0.367595 0.263951 0.236386 0.273994
0.485536 0.391723 0.374612 -0.443194

0.475890 0.436350 0.180127 0.275135
-0.267420 -0.131836 -0.037650 -0.227136
-0.446243 0.425754 0.461797 0.391367
-0.149667 -0.085197 0.107049 -0.373126
0.488690 0.464689 0.393805 0.386553

0.165716 -0.076347 -0.318204 -0.458849
-0.232077 -0.046770 0.324026 -0.242791
-0.142618 -0.491716 0.374277 0.204214
0.087847 -0.306663 0.354362 0.245906
-0.102728 0.139420 0.102129 -0.102285

-0.242308 -0.038862 0.135046 -0.085437
0.151143 -0.194296 -0.363597 0.157590
0.242717 -0.407293 0.250728 0.491905
0.190687 -0.026295 0.071381 -0.307582
-0.109252 -0.036894 0.406439 -0.486432

0.370764 0.042089 0.477511 -0.367137
-0.314611 -0.102025 0.389508 0.165372
0.102428 0.008844 -0.180216 0.169140
-0.205324 -0.087488 -0.356530 0.249275
-0.056207 0.118913 0.059458 0.280990

0.154567 -0.384814 -0.179704 0.447469
0.167321 -0.241622 0.084453 -0.448987
-0.194575 -0.362753 -0.020832 -0.158485
0.122908 0.227606 0.432393 -0.326711
-0.389607 0.085906 0.330165 -0.014996

-0.432175 -0.040480 0.206299 -0.395291
-0.203778 0.291650 0.273924 0.123940
0.100609 0.492533 -0.215432 -0.484459
0.061059 -0.378637 -0.229887 -0.141845
-0.394067 0.014232 0.389900 0.451019

0.344889 -0.420845 -0.193916 -0.322185
0.401854 0.119576 -0.014610 -0.086282
0.282590 -0.140227 0.352454 -0.099276
0.039038 0.266550 0.161685 -0.166203
-0.138534 -0.367163 0.164868 0.286180

-0.302496 0.362217 -0.395932 0.448991
0.409794 0.355534 0.215203 -0.019178
-0.331889 0.120298 -0.116286 0.163310
-0.439360 -0.277566 0.427695 0.487586
-0.494366 -0.097554 0.314031 -0.401321

-0.307975 -0.313440 -0.012598 0.444416
-0.481132 -0.159373 -0.343937 0.023948
0.345066 -0.261089 -0.481832 -0.197740
0.402229 -0.324255 -0.425524 0.274610
0.232518 -0.298258 0.402725 -0.397776

-0.207689 -0.189663 -0.125492 -0.301208
-0.182361 -0.190784 -0.440794 -0.359466
-0.090677 -0.279051 -0.216974 -0.028307
-0.219518 -0.250697 -0.398283 -0.140921
0.320489 0.202194 -0.352448 -0.103400

0.231519 -0.253487 0.094700 0.328686
0.477118 -0.474945 -0.181225 0.143602
-0.415047 -0.136400 0.077880 -0.377217
0.417604 0.198460 0.093512 0.184758
0.005871 -0.066366 0.304776 0.010274

-0.237332 -0.247277 0.266862 0.292780
0.231607 -0.293546 -0.061773 0.005882
0.378000 0.128489 -0.205752 -0.359010
-0.426583 -0.282159 -0.105644 -0.044849
0.493912 0.180984 0.163716 -0.426648

-0.136814 -0.212538 0.120317 0.495984
0.010999 0.314491 0.112053 -0.146148
-0.076249 -0.461973 0.392080 0.092327
0.411460 0.046425 0.303903 -0.057800
-0.275476 0.000623 0.350159 -0.253223

-0.186763 -0.229927 -0.012883 -0.298410
0.343802 -0.014649 0.240849 -0.206081
-0.261004 -0.389412 -0.357151 0.491370
0.126372 0.020380 0.229768 -0.454545
0.289318 -0.420181 -0.338921 0.051231

0.420459 0.488477 -0.115009 -0.484911
-0.467139 -0.374272 -0.222722 -0.204903
0.070113 0.122818 0.153732 -0.276254
-0.034506 -0.004673 -0.096443 0.103679
-0.350677 0.103594 -0.196819 -0.160215

0.299902 0.206851 -0.020640 -0.481080
-0.404800 0.198770 -0.002196 -0.211120
0.072031 -0.163142 0.093104 -0.061331
-0.141333 0.393228 0.373558 0.478300
0.316266 0.087903 0.030887 0.450089

0.071463 0.095232 -0.260961 -0.319085
0.178307 0.412720 -0.238539 -0.488321
0.472030 -0.204765 -0.047648 0.270233
-0.495084 0.442534 0.187727 0.480760
0.070685 -0.229094 0.442297 0.013946

-0.276323 -0.370552 -0.340539 -0.470759
-0.138405 0.112244 0.319861 0.162416
-0.332394 0.353362 0.340779 -0.161789
-0.033688 -0.368376 -0.029504 -0.066739
-0.053071 0.440011 0.376696 0.087615

-0.206015 0.195247 -0.029954 -0.193933
0.006899 0.435803 -0.331941 -0.487696
0.233215 -0.370358 0.125240 0.126922
0.125539 0.317043 -0.482446 0.021427
-0.168635 0.130079 -0.304579 0.131469

-0.386893 -0.084058 0.383433 0.118321
-0.071954 -0.163646 0.233368 0.395600
0.393814 -0.335987 0.369659 0.368210
-0.008480 0.160632 0.262931 0.398368
-0.049933 -0.043447 -0.343064 -0.472422

0.349600 0.031116 -0.373161 -0.257421
-0.323618 0.315193 -0.433600 -0.478192
0.440477 -0.280815 0.440649 0.486853
-0.166324 0.022107 0.325610 0.355809
0.235957 -0.302189 -0.090881 0.499600

-0.072055 -0.048370 -0.092233 0.357936
0.474783 0.477938 0.067895 0.099166
0.216273 0.451924 0.485707 0.041993
0.264034 0.241505 -0.120523 0.397756
-0.298570 0.072379 -0.157984 -0.459534

0.477764 -0.060917 -0.164598 0.146656
-0.084761 0.456893 0.463440 0.383048
-0.179562 -0.280771 0.481523 0.362077
-0.175673 0.068150 -0.102889 0.174773
-0.156581 -0.463134 0.335713 0.132749

-0.333529 0.411873 -0.298294 0.200677
0.016391 -0.450238 0.219766 -0.323896
-0.073144 0.303506 0.153854 -0.281190
0.283649 0.230822 0.275242 -0.088013
-0.496530 -0.277665 -0.420279 0.305627

0.383101 0.278495 -0.036083 0.186184
0.372707 0.403676 -0.054647 -0.092168
-0.058766 0.332477 -0.290359 -0.359246
0.042343 -0.309240 -0.254729 -0.395232
-0.290583 -0.479471 0.236208 0.252927

-0.325406 0.099081 0.232038 0.220258
0.252209 0.044315 0.448963 -0.172884
-0.178543 -0.186099 0.252717 0.188032
0.426921 0.022940 -0.380366 0.129212
0.013524 0.463252 0.382761 0.383247

-0.135370 0.373347 0.366669 -0.481240
0.234732 0.445694 -0.079578 -0.190622
0.175119 0.215486 0.149994 -0.235299
-0.219033 -0.453347 -0.076929 -0.460809
-0.428188 0.229889 -0.327075 -0.306231

0.167319 0.202342 0.383501 -0.301390
0.377898 0.211573 0.430508 0.042167
0.047131 0.222534 0.403047 -0.098447
-0.371196 -0.458218 0.337715 0.412250
0.390578 0.083796 0.028090 0.455463

-0.363928 0.472384 0.236394 -0.068978
0.280228 -0.149820 -0.036189 -0.039476
0.284359 -0.383691 -0.463967 0.070548
0.092613 -0.281610 0.286418 0.401498
-0.029360 0.416906 0.337440 -0.115349

-0.319181 0.271434 0.341932 -0.469340
0.074224 0.257843 0.418636 -0.039816
0.265338 0.094166 0.068940 -0.068172
0.026535 0.329812 0.187835 0.383266
0.159697 0.247153 0.166998 -0.053759

-0.420439 0.230270 -0.139225 -0.355642
0.104545 -0.226514 -0.279766 0.205735
-0.205319 -0.027478 -0.318016 -0.039421
-0.018009 -0.163806 -0.017229 -0.146536
-0.459624 0.487145 0.184268 0.020468

0.218155 -0.315633 -0.336761 0.097459
-0.324519 -0.413966 0.252070 -0.217067
-0.044183 0.162991 -0.197465 -0.170925
0.193024 -0.208251 0.058376 -0.294785
-0.226229 -0.345046 -0.431003 -0.477106

-0.421005 -0.212935 -0.376328 0.412086
-0.372750 0.095882 -0.457503 -0.107080
0.146681 -0.111356 0.482543 0.438755
0.333700 0.101981 -0.086464 -0.120314
-0.301623 0.457045 0.461578 0.452652

0.440736 -0.097028 0.142684 0.364270
-0.011664 -0.090294 -0.295914 -0.413428
-0.303089 -0.377950 -0.471262 -0.415976
-0.002389 -0.225865 -0.480217 0.286712
0.030130 -0.171091 0.398763 -0.296104

0.223923 -0.293162 -0.089362 0.116687
0.035967 -0.064022 0.413045 0.146423
0.201627 0.166702 0.058592 -0.368722
0.050139 -0.369767 0.050863 0.349295
0.308693 -0.322153 -0.080319 -0.275328

-0.057613 0.327407 0.163501 -0.335829
0.188864 -0.303555 0.417530 0.319345
-0.048648 -0.303522 0.096892 -0.247683
0.412856 -0.467085 -0.262069 -0.205878
0.340849 0.292713 -0.063815 -0.401112

-0.376757 0.009724 0.493312 -0.143473
0.196144 0.370770 0.042150 0.117981
-0.015655 0.402800 -0.001337 -0.404167
-0.203549 -0.021151 0.424849 0.327240
-0.033789 0.389608 0.309413 0.288105

-0.160211 -0.176241 0.253113 -0.371337
-0.045582 0.083325 0.398578 0.049339
-0.158173 -0.404215 -0.018484 -0.200238
0.396827 0.065329 -0.123587 -0.350991
0.159015 0.277201 -0.062603 0.239583

0.140399 0.153883 0.257177 -0.444238
0.211916 0.008105 0.457572 0.248741
-0.075416 -0.143454 -0.203677 0.219601
-0.409599 0.261715 0.307065 -0.285573
-0.147938 0.317171 -0.383149 -0.450457

-0.349848 -0.223207 -0.345217 0.484318
0.068488 0.011244 -0.213485 0.339149
-0.163753 -0.031006 0.238573 0.327134
-0.051037 0.040581 -0.034149 -0.456187
-0.046745 -0.416496 -0.035966 0.382023

0.214318 -0.214151 -0.091985 0.399939
-0.055421 0.389813 -0.490533 -0.267570
0.091115 0.077699 -0.129420 -0.399217
0.255629 0.166701 -0.461776 -0.408982
-0.123239 0.233155 -0.321057 -0.134481

-0.352058 0.081556 -0.260309 -0.377530
0.439970 -0.396474 0.081511 -0.170810
-0.088428 -0.210450 0.475420 0.023235
-0.440615 -0.319704 0.097906 0.333940
-0.422920 -0.472009 -0.235877 -0.038731

-0.463471 0.365565 -0.076228 -0.240069
-0.309071 0.325961 -0.055314 -0.076206
-0.185140 0.278826 -0.256101 -0.107847
-0.344769 -0.067555 -0.162458 0.067342
0.090767 -0.394934 0.262306 0.089763

0.106488 0.363352 0.029390 -0.416673
-0.184363 -0.282226 0.441088 -0.370809
-0.168315 0.460223 -0.173644 -0.145618
0.258681 0.455641 0.331535 0.028596
0.418648 -0.294671 -0.399953 -0.184162

-0.166787 -0.308902 0.250184 0.002661
0.329329 -0.349759 0.375829 0.310075
0.241824 -0.338817 -0.045574 -0.046251
-0.339117 0.313583 -0.014563 0.481011
-0.394167 -0.394214 -0.305614 -0.204348

0.099948 0.341528 0.385623 0.387895
0.262416 0.023119 0.111904 -0.067138
0.077267 0.262864 0.478408 -0.244492
-0.221962 -0.088294 -0.470056 0.110740
0.274427 0.241941 0.389030 -0.222270

0.473383 0.467760 0.112818 -0.418665
0.184829 0.084280 -0.411313 0.456546
0.396619 -0.156855 -0.298855 0.043103
0.130994 0.488884 -0.330505 -0.379952
0.085402 -0.300020 0.411064 -0.105810

-0.105696 -0.411654 -0.106261 0.106238
-0.241938 0.361287 -0.472711 0.395735
0.107197 0.468582 0.207438 -0.225005
-0.109507 0.436959 -0.159935 0.445040
-0.460507 0.013691 0.300613 0.195267

0.400954 -0.134033 -0.201272 -0.379523
-0.146679 -0.190200 -0.066824 0.449563
-0.397993 -0.034923 0.149437 -0.427549
0.082343 -0.340373 -0.424957 -0.265595
-0.063560 0.245405 -0.432228 0.341855

0.337903 -0.289310 -0.411094 -0.282487
0.055578 -0.204488 0.302236 0.065368
0.294043 -0.003569 -0.467146 -0.151350
0.079262 -0.249188 0.473099 0.250457
0.371304 0.388743 0.061282 -0.289831

0.472993 0.211679 0.485363 -0.454961
0.347497 -0.257940 0.231494 -0.468997
0.101606 0.337594 -0.300012 0.052385
0.401223 0.167866 -0.434713 -0.406992
0.249140 -0.289513 -0.364560 -0.439804

0.167389 -0.005704 -0.009920 0.400481
-0.340411 0.429301 -0.179787 0.381497
0.379851 -0.086994 -0.189604 0.006718
-0.034356 0.022389 0.332609 0.382678
-0.039489 -0.491206 0.156899 0.148625

-0.328214 -0.453238 0.388954 0.113647
-0.250826 0.416863 0.016746 -0.310849
-0.059796 0.032669 -0.086153 -0.409803
0.454160 -0.044310 0.147559 0.020219
0.494680 -0.053721 0.393161 0.214783

0.030660 -0.040942 0.183644 0.183853
-0.087332 0.435708 -0.058938 -0.274351
0.106587 -0.278795 0.456462 -0.085530
-0.026531 -0.459179 -0.179584 -0.235429
-0.232189 0.337885 0.364433 -0.237965

0.047726 -0.240675 0.428611 -0.098403
-0.194965 0.185146 -0.323354 0.163282
-0.095709 -0.069178 -0.096467 0.154181
-0.293817 -0.052296 -0.367098 0.141356
-0.422725 -0.234355 -0.488298 0.453601

-0.150747 -0.240834 -0.453380 0.418704
0.365277 0.306267 0.101072 0.126594
-0.421584 0.022250 0.304322 0.452031
-0.362341 0.377449 0.260747 0.270445
-0.153822 -0.465905 -0.065008 -0.310958

0.396544 -0.244467 -0.180354 0.121775
-0.133437 0.413610 -0.216478 0.189027
-0.171348 -0.333080 -0.387331 -0.017170
0.270749 -0.276791 0.175012 -0.287803
-0.277406 0.049578 0.322052 -0.033179

-0.241539 -0.337211 -0.233623 0.164513
0.066827 0.471817 0.179801 0.206746
-0.134983 -0.428617 -0.030031 0.419988
0.472020 0.429477 0.362711 0.058369
0.044551 -0.311909 -0.471876 -0.464917

-0.401869 -0.367673 0.343653 0.061881
-0.295776 0.232941 -0.236878 0.231693
0.279965 -0.149675 -0.188621 0.189813
-0.268901 -0.034481 -0.052976 -0.311134
-0.304305 -0.074464 -0.013670 0.006966

-0.422720 0.169679 -0.133201 0.432650
0.128690 0.180194 -0.113602 0.422705
-0.464923 -0.468531 -0.401144 0.339848
0.068682 -0.378389 0.338254 -0.178184
-0.062239 -0.255533 -0.415729 0.226358

-0.429351 0.242390 -0.169277 0.260105
0.198471 0.060275 0.060967 -0.438673
-0.067536 0.285272 -0.322677 0.275419
0.121254 -0.287427 -0.471603 -0.295554
0.430073 -0.348511 0.244095 -0.171934

0.312303 -0.339680 0.454629 0.181828
0.141563 0.435406 0.365462 -0.462586
0.070599 -0.348133 0.052624 -0.254537
-0.301791 -0.487585 0.212301 0.452323
-0.380869 0.360687 -0.118826 0.277646

0.005263 0.226380 0.371005 -0.235840
0.062915 -0.485957 -0.023897 0.034281
-0.056340 0.435472 0.494956 -0.299518
-0.206231 -0.046569 0.478502 0.438517
-0.103789 0.444081 -0.362690 -0.377284

0.388272 -0.356404 0.429710 0.214419
0.237753 0.305796 -0.157930 -0.250901
0.279371 0.318809 -0.055244 0.371395
0.182137 0.237503 -0.253846 -0.462190
-0.227888 -0.072630 -0.035077 -0.250473

0.242723 0.402294 -0.408692 -0.399961
-0.239581 0.273872 0.064269 -0.073958
-0.275156 0.320448 -0.389257 0.362286
-0.206325 0.192965 -0.372222 0.309338
0.452059 -0.333971 -0.186511 -0.134907

-0.189472 0.488387 -0.473395 -0.237362
0.301717 -0.377192 -0.259588 0.164467
0.478237 -0.090297 0.231570 -0.189710
-0.298645 -0.265276 0.315079 0.121308
-0.048219 -0.094072 -0.487827 -0.403460

-0.069841 0.192271 -0.313918 -0.362006
-0.104866 0.461053 0.459486 -0.321946
0.260969 0.342487 -0.235334 0.373411
-0.316063 0.038007 -0.232667 -0.005013
-0.400650 0.204629 0.079868 0.384628

0.117548 0.007716 -0.365355 0.486095
-0.428498 0.432338 0.446021 0.422440
0.286520 0.177955 -0.270339 -0.214172
0.408614 -0.212652 -0.344676 -0.423107
0.468666 0.188241 -0.421863 -0.298514

-0.171797 -0.397418 -0.192223 0.346189
0.461164 -0.020476 0.210864 -0.068618
0.138166 0.125618 -0.158120 -0.457504
0.346389 -0.084123 0.051201 0.137602
-0.289865 -0.102806 0.206056 -0.081045

0.254609 0.263550 0.141092 -0.389327
0.298367 -0.390443 0.050103 0.492354
0.171204 0.350012 0.068758 -0.126244
-0.445795 -0.270308 -0.224232 0.418351
-0.470222 0.044194 -0.047340 -0.342637

-0.493009 -0.465094 0.104530 0.229400
0.087248 0.449395 -0.281956 -0.030790
0.394236 -0.184123 -0.469363 -0.078462
-0.152358 -0.338838 -0.106433 -0.417567
-0.147749 -0.457521 -0.146200 -0.145631

-0.428299 0.482306 -0.465628 0.238629
0.200239 0.162503 0.101225 -0.041920
-0.223030 -0.117021 -0.313501 0.436404
-0.154181 0.052728 -0.283556 0.479384
0.380974 -0.017364 0.029895 0.125577

0.339628 0.247119 -0.166238 0.251924
0.088914 -0.202039 -0.083310 -0.366735
0.457954 0.043245 -0.279192 -0.205663
-0.438057 -0.326663 0.281555 0.203032
0.473359 -0.038842 -0.118611 -0.483516

0.225433 0.180293 -0.433187 -0.078678
-0.269640 -0.286453 -0.240824 -0.164403
-0.072919 0.058156 0.128740 -0.447610
0.299830 -0.381464 0.315506 -0.282541
-0.377727 0.028975 -0.314781 0.435966

-0.442834 0.424301 -0.422318 0.364026
-0.411964 -0.339023 -0.048387 -0.401016
-0.154672 0.034441 -0.080869 0.049269
0.159645 -0.260659 0.416189 -0.449245
-0.123388 -0.039260 0.148177 0.262328

0.426119 -0.224304 0.319591 -0.445053
-0.374960 -0.093328 -0.449588 -0.132641
-0.379570 -0.074312 -0.092026 -0.239905
0.111725 0.298622 -0.460237 -0.052695
-0.069386 0.252227 -0.282394 -0.340626

-0.085670 -0.132354 -0.412035 0.011507
-0.117307 -0.429290 0.136640 -0.148639
0.394038 0.173613 0.383033 0.370905
-0.443879 -0.171741 0.364180 -0.447261
0.065507 -0.175411 0.012659 -0.357417

0.222280 -0.418491 -0.023863 -0.406337
0.079850 0.011545 -0.372431 0.001423
0.238521 -0.399299 -0.379412 -0.040561
0.271607 -0.495746 0.443587 -0.179801
0.168627 0.260052 -0.289542 -0.459586

0.391898 0.356146 -0.338359 0.222995
0.383349 0.327205 0.216726 0.090530
-0.193751 0.235461 -0.097828 -0.015817
-0.178536 0.111520 0.263566 0.454347
0.028051 0.312253 -0.059837 -0.059493

-0.433732 0.259373 0.389606 0.036960
-0.343987 -0.248820 -0.359922 -0.005975
0.221312 0.047231 -0.057341 0.140763
0.196036 0.262847 -0.049980 0.381220
0.345439 -0.188547 -0.085004 -0.231732

-0.172091 -0.209672 -0.276315 -0.226469
-0.399838 -0.094214 -0.043235 0.159119
-0.289578 0.146733 0.483334 0.226254
0.141118 0.038864 -0.383780 -0.491476
-0.355738 0.302528 0.075179 0.470761

0.197983 0.231592 0.321678 0.345644
0.466745 0.362820 0.136542 0.121863
-0.191914 0.400027 -0.187532 0.229058
-0.085573 0.097524 0.186367 0.394880
-0.254923 0.129640 0.433804 0.288208

0.341966 0.344859 0.476180 0.205288
-0.277696 -0.421073 -0.286624 0.242937
-0.273881 0.216221 -0.155609 -0.254733
-0.271788 -0.254354 -0.470644 0.150166
0.339006 0.097595 0.285857 0.220472

0.371942 0.082445 0.295997 0.323203
0.349358 0.186751 0.327639 -0.437595
-0.183500 0.370740 0.332695 -0.346334
-0.299476 -0.285456 -0.365921 -0.017636
-0.028587 0.118026 -0.414857 0.365756

0.058753 -0.054423 0.117550 -0.017003
-0.370361 0.383210 0.472504 0.115869
-0.438695 -0.014759 0.491746 -0.333184
0.462831 -0.301061 -0.159263 -0.427926
-0.282872 -0.356151 0.135017 0.478526

-0.405858 0.111277 0.140197 0.309713
-0.028860 -0.072806 -0.051395 0.343123
0.420593 0.403740 -0.317191 0.025365
0.247687 0.202697 -0.233920 0.128946
0.103062 0.386405 -0.241941 0.226359

-0.281301 0.290089 -0.180893 0.423659
-0.165185 0.057448 0.135684 0.176216
-0.382116 0.417595 0.289600 0.416488
-0.011373 -0.366752 0.398043 0.124195
0.056205 -0.303140 -0.457853 -0.181561

0.179478 0.417278 0.266470 0.203933
-0.024202 0.339136 -0.413718 -0.251170
-0.438453 0.397054 -0.461128 -0.453052
-0.269191 0.094451 0.308221 -0.048043
-0.363977 -0.194752 -0.014931 0.428432

-0.148544 -0.215076 0.482897 -0.456566
0.444387 -0.068292 0.431713 0.267836
0.471525 0.062699 -0.241073 0.269828
-0.162649 0.471715 -0.338450 -0.164901
0.166831 -0.387746 0.358067 0.353999

