100
-0.06195705 -0.111570336 -0.059091948 -0.108998075
0.14633045 0.06684103 0.05802073 0.028723184
-0.08942634 0.028377699 0.015101172 0.10715225
0.009011191 -0.059244957 0.015068531 -0.07179852
-0.14711586 -0.102180146 0.020239683 0.05917986

0.030975485 0.13580951 0.08442901 0.025039488
0.0021543247 -0.16709512 -0.05384053 0.118758306
-0.010216502 0.015137853 0.04123962 0.0030898286
-0.071307495 0.18971273 -0.111769296 -0.49911913
-0.008090852 -0.14976345 -0.18798788 -0.09016663

0.13294803 0.30601814 0.0065697366 0.043168854
-0.08985693 -0.041268565 0.083851136 0.09433842
0.020819543 -0.0072459127 -0.20831607 -0.10064356
0.11862627 0.020738425 -0.020548156 -0.046428286
0.027059862 -0.11267762 0.10877274 -0.11269883

0.016043922 0.21800956 -0.3054278 0.18307042
-0.05694855 0.019065026 0.11658529 -0.19813512
0.26721847 0.002711228 -0.20290293 0.071864106
0.01536689 0.26407665 0.004855917 0.031954627
0.2827928 -0.19080035 -0.10861396 -0.044147547

-0.17162794 0.069966935 0.15194716 -0.19720283
-0.026649196 -0.09993609 -0.045800745 0.21687903
0.11163411 -0.13304326 -0.2479123 0.30558094
0.110556506 -0.106854655 0.060241353 -0.0017973244
0.057653837 -0.08264661 -0.13634683 0.19956009

-0.26268688 -0.10376812 -0.044872828 -0.1102941
-0.04157436 -0.18066764 -0.29369375 -0.17108859
0.058411606 -0.0656289 -0.19001535 -0.0828613
0.005093369 0.107218854 -0.16279861 -0.046082444
-0.013712869 0.08396279 0.38797197 0.20991395

-0.11904185 -0.045071963 0.0048823147 -0.046613228
-0.26781264 -0.2897616 0.11177608 -0.15972213
0.28245255 0.010146581 0.2692542 0.032015443
-0.30795828 -0.19951184 -0.089635774 0.055346835
-0.049933948 -0.0429478 0.40868178 -0.28020394

-0.14924829 -0.20173094 -0.20962845 -0.29301015
0.2757756 0.13972908 0.029448533 -0.040997427
0.07107149 0.056152087 0.1007658 -0.017204257
0.215865 0.15663353 -0.2756305 -0.07260644
0.10926743 0.11749075 -0.41950536 -0.19971754

-0.08278911 0.24023211 0.11336788 -0.24060257
0.018373253 -0.2736858 -0.13443787 0.0691119
0.22451071 -0.10441951 -0.10209722 0.08194796
-0.043924995 -0.096282095 -0.05396289 0.03813332
0.2536992 -0.03928345 -0.07156749 0.1908033

-0.21999975 -0.029894087 0.15435946 0.15625946
-0.0713082 0.22443536 0.22229668 0.20240133
0.24547672 0.04312934 -0.17643286 -0.19052498
0.13498218 0.5157835 0.09732807 0.083932534
-0.12916614 -0.0039526396 0.12901877 0.16700369

0.032454588 -0.11620044 -0.15533683 0.3286642
-0.16820852 -0.084323704 -0.024849249 -0.3771675
-0.24303165 -0.057915006 -0.100950874 0.103863284
-0.24910046 -0.20545283 -0.17636171 -0.16610344
0.22267689 0.019048484 0.020316444 -0.221734

0.008917865 -0.08877358 -0.32639506 0.16360758
0.04418823 0.039472114 0.09416869 -0.035346095
0.10547113 0.06813754 -0.054741126 0.001971213
0.03366407 0.017984543 -0.073752224 0.08625151
-0.050373152 -0.07800871 -0.39766812 0.21152975

-0.046047762 -0.0889332 0.02939543 0.15898561
-0.3780587 0.2200831 -0.009674364 0.10598311
-0.33495387 0.11542878 0.062036388 -0.27042016
-0.11670788 0.09779155 0.06897634 -0.123071775
-0.0785081 0.08951689 -0.02909014 0.10598382

0.010388229 0.12896043 0.095085844 0.07990525
-0.064150885 -0.23476717 -0.014814415 0.022281567
0.31735075 -0.14600353 -0.37642348 -0.3681739
-0.0511292 -0.11860899 -0.03598995 -0.0076902136
0.0021240928 0.0952581 0.04929664 0.05063672

0.12213228 -0.25099003 0.13964066 0.3141376
-0.27056465 0.0039417865 0.32756227 -0.030668095
0.0016009681 0.04769458 -0.19427119 -0.09917564
-0.07770331 0.15521988 -0.104999594 -0.21876496
-0.120288275 0.076192364 -0.09443935 -0.105824225

-0.096453734 0.20532021 -0.17975043 -0.13636407
-0.0331525 -0.23967132 -0.14122811 0.012792116
-0.25726867 -0.019495107 -0.15763295 -0.17118013
0.09812104 -0.2534101 0.16255558 0.08793081
-0.2096398 0.005575122 0.15407851 -0.1547575

-0.0035942653 -0.13483977 -0.32128233 -0.19662835
0.15173523 -0.18768807 -0.18514925 -0.08043076
-0.043124016 -0.20549946 -0.24276188 -0.3395086
-0.16258845 0.19407117 0.15874663 0.096914075
0.16936438 -0.07855613 -0.04747078 0.14505309

-0.0069883335 -0.0966367 -0.1842387 -0.35279962
0.1839551 -0.027710281 0.09290113 -0.1593466
-0.025684247 0.006749945 0.1920981 -0.10489265
0.12925392 0.09645287 0.067087375 -0.034130722
-0.2760967 -0.06878536 0.09360118 0.16122979

-0.04633136 -0.1406068 0.015762525 -0.026181003
0.19735397 0.29306802 -0.0103602735 -0.14218046
-0.053152468 -0.1400392 0.08460276 0.07527027
-0.21042928 0.06965758 0.397116 -0.12244259
-0.010816922 -0.20910038 0.21222547 0.351667

0.03539774 -0.15332247 0.20749141 0.09017543
0.11801057 0.021649454 0.052155912 -0.20271562
0.14571247 0.31104228 -0.36053586 -0.28783864
0.16805494 0.117932625 -0.18431273 -0.076803155
-0.18860695 0.22930409 -0.22456825 -0.037697908

0.012361897 -0.039908253 0.015249494 -0.13815936
0.098649636 -0.07728758 0.07479746 -0.04483005
0.046084616 -0.09591466 -0.010531806 -0.05395802
0.11869698 -0.09032887 0.06152858 -0.015341915
0.055146933 -0.014967941 0.057132073 0.18387114

0.051420413 0.0552279 -0.18496402 0.22333173
0.15586162 0.24004701 -0.3677299 0.23521657
-0.065316305 -0.0490101 0.31073824 -0.15112893
0.07041851 -0.050663486 -0.20663905 0.14570178
-0.003108404 -0.11558984 0.08535312 0.10398824

0.100655675 -0.16805516 0.06648199 -0.19707699
0.022001214 0.10451913 0.0748789 -0.13513623
-0.11047101 0.19549689 -0.011035522 0.10877475
-0.041712 0.016355144 0.27247936 -0.009090367
-0.11721108 0.06941316 -0.013235366 -0.02168125

0.0036997013 0.23057033 -0.019088874 -0.092745416
0.049222566 -0.088858664 -0.017331637 0.06461343
0.18901147 0.2505779 0.1628875 0.107713945
0.08454062 -0.13753876 0.1554037 0.26008102
0.22044237 0.1459891 0.060330205 0.0793792

0.22395492 -0.08512076 -0.054790303 0.010588231
-0.05223288 0.021674909 0.24212381 0.17317306
0.09063585 0.18018815 -0.5149512 -0.048834078
0.07449979 -0.11614429 0.2706776 0.090961985
-0.094918735 0.118212864 -0.24386017 0.15832518

-0.08129697 0.09721226 0.10356093 -0.25699517
0.110237956 0.18702449 0.28484836 0.2138939
-0.088219345 0.09055425 0.03125459 0.019958392
0.032258797 -0.035935912 -0.0017679303 -0.026515607
-0.017428527 0.10969561 0.18165599 0.057886858

-0.0740587 0.14373721 0.013248156 0.20560353
-0.19142626 -0.13417177 -0.060029194 -0.1526972
0.04680579 -0.044357844 -0.09960434 0.06764343
0.08895678 -0.12506317 0.20960374 0.10331241
0.1876011 0.1497118 0.23880818 0.13023832

0.10509324 0.006306786 -0.010396364 -0.22176409
0.32240373 -0.118439145 -0.07112205 -0.50496304
-0.26000178 0.3703999 -0.055125453 0.00817062
0.039090294 -0.24815206 -0.2258559 0.25381103
0.041503508 -0.10169302 0.19537641 0.057763144

0.1784217 -0.31611297 -0.23212658 -0.28886655
-0.043255616 0.0606252 0.07533292 0.13078669
-0.06810507 -0.075925276 0.11663078 -0.014152964
0.13180907 -0.072650306 -0.16072552 0.011714529
-0.13558276 0.10341973 0.19431008 0.12304537

0.019301036 0.12165885 -0.023838338 -0.03731437
-0.04746872 0.10838656 -0.11677684 -0.24005933
0.06295147 -0.12304345 -0.021116264 0.022850802
-0.22354755 -0.13929221 0.05907861 -0.063554734
-0.1472701 -0.113377854 0.12023506 0.08528993

0.07755038 -0.28134912 -0.25613964 0.17204602
0.02939582 -0.12914713 -0.06554355 0.24467234
-0.17181626 -0.08663089 0.10643462 0.2191603
0.08383642 0.036720898 -0.1510377 0.19836536
-0.04327787 0.0131362425 0.12434081 -0.25269395

0.4156889 0.23894091 0.12954433 0.13542295
0.432761 0.1926159 -0.02876878 0.044927534
-0.38083073 -0.15163031 0.06426968 -0.05290083
-0.34869263 -0.19795498 -0.06720769 -0.15908994
-0.24827003 -0.17105696 0.052952856 0.022436192

0.12691528 0.0990622 -0.2230296 0.1165439
0.03730268 0.08404335 0.17373413 0.03338674
-0.06831096 0.13894567 0.2729305 -0.22852995
0.15712987 0.13173656 -0.11940501 0.17528574
-0.018076578 -0.33791348 0.049111146 -0.13079381

-0.043107495 0.20876215 -0.103778884 0.0049288543
0.41297162 -0.44340974 0.24489681 -0.23589982
0.3114505 -0.105196536 0.08652057 0.01667687
0.060688898 -0.03200591 0.15618972 0.008668776
0.12886643 0.053194452 -0.041648235 0.10598651

-0.0093723675 -0.20237057 0.09849055 0.18374893
-0.03733473 0.08898815 -0.13962576 -0.09746903
-0.1731225 0.20680876 -0.1488223 -0.040451147
-0.10591478 0.3069405 -0.08823603 -0.13132119
0.15120035 -0.5156885 0.18212855 0.25745827

0.006263733 -0.033627395 0.10917233 0.17095816
0.0961401 0.13451387 0.046550613 0.2570253
0.09270776 0.36152104 -0.16762133 0.075731166
0.2262852 0.070301704 -0.11723369 -0.13916984
-0.13372177 -0.28989556 0.053126022 -0.22877587

0.11811654 0.11590849 0.04628282 -0.026762048
0.04258106 -0.07467146 -0.012185518 -0.05875036
0.23660731 0.1264146 0.10858914 -0.090980954
-0.039805673 0.02044124 -0.31771973 0.024750823
0.103286386 0.14357714 -0.3224786 -0.021422444

0.10165415 -0.18586321 0.16984586 0.030283978
0.009008116 0.041804444 0.09577487 0.090915166
0.07104968 -0.03922256 0.084095836 -0.016289696
0.16667378 -0.025979575 -0.053857125 -0.06417733
-0.029019713 0.0050519006 0.036954142 0.22286585

0.14419402 0.14781624 0.08420197 -0.03740445
0.286612 0.2329521 -0.029650232 -0.09491525
0.12580177 0.06999993 -0.046458468 0.004072135
0.21542913 0.0030217192 -0.14503518 0.2371106
0.19237645 0.13831338 -0.14631292 -0.12701398

-0.04637794 0.06613721 0.10917974 0.08465029
0.07713937 -0.0632673 0.050162334 0.024665607
0.12622792 -0.12094849 -0.218977 -0.00073797797
-0.3106976 0.19036913 0.14142355 -0.29514664
0.026092533 0.0125942165 0.28440866 0.13555604

0.1248777 0.1389109 0.00049297663 0.0988762
0.080770105 -0.20955507 -0.25654578 0.04726074
-0.10198935 -0.06885289 -0.10423698 -0.044653594
0.054206017 -0.2952035 -0.26879206 -0.05173914
-0.054215707 -0.10073738 -0.15714258 -0.04032902

0.02195126 0.3492731 0.3254264 -0.069465116
0.20001894 -0.22260916 -0.19608884 -0.024361107
0.18856795 0.044720758 0.045804717 -0.05872503
0.042398416 0.03771585 0.012127262 -0.05916275
-0.062159915 0.31480426 0.24406685 0.09526957

-0.21272197 -0.039878212 0.15529618 0.07517187
-0.016565332 -0.24235559 0.1760841 0.094357215
-0.04830891 0.13600533 -0.0011868823 -0.030489212
-0.011575814 -0.15410535 0.0037576882 0.18897171
-0.2918978 0.0011087913 0.30152804 0.09492952

-0.080328755 -0.016270896 -0.49272105 0.22828351
-0.24057172 0.03859852 -0.27080202 0.04692033
0.39286616 -9.360789e-06 0.061548725 0.043530565
-0.046687145 0.05118253 0.11995389 -0.016666058
0.5902867 0.23736294 -0.07762463 -0.039768953

0.1919321 0.06130151 0.38309097 -0.05481237
-0.1329702 0.080230005 -0.1301393 0.28598648
-0.28845757 0.06254279 -0.18408144 0.34820598
0.20486149 -0.24536504 0.26317534 0.18012239
-0.3655041 0.4036705 -0.1569957 -0.060752973

0.046136297 -0.04035591 0.09797623 0.05538231
-0.14693357 0.20241544 -0.12576139 0.0022468807
-0.024008542 -0.06474846 -0.30318868 0.10742509
-0.013199666 0.07099939 0.21242999 -0.008405764
-0.010128833 -0.19051197 -0.10508806 0.226878

0.33514836 0.10739815 0.017052947 -0.13184385
-0.041028637 0.21376371 -0.067442805 0.15800261
0.01345997 0.12033915 0.026332257 -0.14810647
-0.1396416 0.14309263 0.2428523 0.09508068
0.32501695 0.1808734 0.20935978 0.045495488

0.15536894 0.1585078 -0.24740988 -0.28495738
0.068153016 -0.15414195 0.053742733 0.04511422
-0.003328282 0.027830759 -0.041666098 -0.031407323
0.18214855 -0.046861693 -0.13730904 -0.17533328
0.18190932 -0.201922 -0.06340675 -0.08637423

-0.19116671 0.25409645 0.0043963753 -0.06105522
-0.16944507 0.146032 -0.09922254 0.041785013
-0.15268074 0.13336627 0.029743899 -0.13186824
0.2625432 -0.13602684 -0.038240626 -0.12547185
0.1487868 -0.16258258 -0.028832931 0.08567017

-0.15009327 0.040535975 0.032997727 0.16428673
0.018453255 -0.31718928 0.27811447 0.16587739
0.08412054 0.037479926 -0.060230702 -0.14030719
-0.114151284 -0.029078057 0.06394836 0.2992527
-0.09007233 0.23927246 -0.24016297 -0.007677095

0.14832515 -0.047162846 0.14240465 0.19232541
0.090077594 -0.0018565485 -0.016020855 0.1305499
-0.111026384 -0.0608398 0.034492403 0.14716005
0.0030236815 -0.010947781 -0.004857394 -0.17566033
0.09621072 0.15866777 0.16947281 0.098581895

-0.026886163 0.07949747 -0.14727014 -0.048435178
0.067417316 0.1613517 0.27079952 -0.041805595
-0.06318531 0.107045814 -0.025465673 -0.08802724
-0.06935004 0.2742718 -0.004586402 -0.16357344
0.05762758 0.08064605 0.21255338 -0.02436371

0.20258206 -0.2640444 0.08132759 0.24254984
0.018258415 0.1298882 0.23812115 0.10490054
-0.014713746 0.15410636 0.0071153403 -0.02349787
0.01451014 -0.1934473 -0.22270602 -0.064602315
0.18806608 -0.3935475 -0.029054875 0.19234122

-0.15262975 0.038355105 0.089210175 0.15250973
-0.16303009 0.071666755 0.11831995 0.13751228
-0.14267369 0.059090115 0.03604494 0.19344874
-0.116506785 0.0073709674 -0.03414429 0.081107676
0.16717736 -0.096471794 -0.08618081 -0.2257732

-0.014681738 -0.16251415 0.30377188 0.08788771
0.08643612 0.04974522 0.123143084 0.047316954
-0.08454413 -0.3122939 0.10563187 -0.089732245
-0.33059588 0.18499422 0.19286212 0.21162708
0.3580586 0.012205268 0.07078593 0.06607572

-0.15027133 -0.04786423 0.1750864 -0.05789807
-0.291561 -0.035745054 -0.055682085 0.11611118
-0.02418384 0.051929574 -0.031757757 0.12425493
-0.024535917 0.12738265 -0.034264866 -0.22292742
0.14734514 0.17848097 0.21104036 -0.12589127

0.06546461 0.07496926 0.09884888 -0.12799725
0.08319645 0.10810302 -0.015677443 0.040164266
0.2749148 0.00069859717 0.040958233 0.14634272
-0.20283836 -0.14598857 -0.034395505 -0.07821425
0.25915 0.06805849 0.012160463 0.13479063

-0.4397616 -0.06262401 0.20796598 0.11564626
0.3391341 0.41705886 -0.23750982 -0.13907593
0.21721956 0.32597205 -0.029150136 -0.26159075
-0.201916 -0.010588293 0.10886747 0.12833269
-0.11831511 -0.1419144 0.11394852 -0.06210773

-0.030058125 -0.13571602 -0.11679086 -0.17385183
0.061047196 0.32546332 0.08593448 0.22714439
0.053781923 0.15000497 0.11879345 0.19614552
0.09315498 0.24502419 0.19221845 0.30164474
0.27557993 0.11440418 0.04301103 0.21680513

0.3493194 -0.001400727 -0.032855827 0.2265844
-0.22662085 0.05194899 0.14823227 -0.1103668
0.049699534 -0.051108293 -0.07288741 0.008176844
0.279475 0.1265049 0.037907463 0.20920444
-0.058255527 0.27857554 -0.05118822 -0.021913426

0.01840573 0.06500223 -0.1467199 -0.2265795
-0.04998657 0.03637625 -0.016944554 -0.05302564
0.064141884 0.0053882487 -0.09416814 -0.11432988
-0.015674002 -0.004056098 -0.03331688 -0.072672635
-0.25566146 0.21707655 0.15125501 0.21305355

0.17770901 0.20685081 -0.015408666 -0.5759512
0.164103 0.009189769 -0.07350322 -0.41029084
0.054683547 0.06989059 0.2505345 0.13092358
0.22100544 0.0969384 0.3961792 -0.088616796
0.16743998 -0.044544015 0.20248134 -0.081919186

-0.08467024 0.15252881 0.21033034 -0.1630266
-0.3328958 -0.31173018 0.4006559 -0.15373118
0.017981451 0.18460156 0.08338213 -0.1437663
-0.00048762406 0.10253571 0.045863796 -0.0041701985
0.126693 0.25360474 -0.18526416 0.098644055

0.010820824 -0.067946784 0.015166196 -0.014902762
0.35026392 0.19752109 -0.11309251 -0.36232314
0.18204054 0.06713032 -0.1308564 -0.09707657
-0.065415815 0.08709225 0.034572713 0.13561271
-0.07306693 0.13893165 0.09715045 0.110597216

0.04196598 -0.028493227 0.014744413 -0.0030596268
-0.06196306 -0.09576957 -0.12645614 -0.033996973
-0.027102944 -0.1066861 0.24590372 -0.078462005
-0.026959691 0.14927547 0.21039131 -0.009437553
0.01868664 -0.11943035 0.014407402 -0.122614905

-0.22422534 -0.18221855 -0.094873406 0.075554915
0.18173477 0.15302067 0.10789388 0.031093417
0.0817672 0.06429394 -0.0054196897 0.05350143
0.18755616 0.14851558 0.012142054 0.05849581
0.3240409 0.2535497 -0.0222898 0.16082104

-0.18004009 0.04846114 0.120841466 0.046005156
-0.11417076 -0.11456796 -0.019198116 0.16941208
-0.03613146 -0.46862146 0.17925404 0.047728278
0.08258651 -0.443577 -0.06316273 -0.100487575
0.09318654 0.27823794 0.06996876 -0.09079142

-0.0726988 0.040485773 0.15416828 -0.10944551
0.10363992 -0.008945737 -0.23124802 -0.22015257
0.18787652 0.11784498 -0.0054523717 0.14470144
-0.12362662 0.07234213 0.2556845 0.14283077
-0.021908969 -0.11364237 -0.061383825 0.1383102

0.017258942 0.04928949 -0.12275107 0.040402036
0.04482946 -0.21936503 -0.010259 -0.055117477
-0.17291617 -0.013017373 -0.20344855 0.004906861
-0.17890835 -0.064562224 0.12369558 -0.050909918
0.08336542 0.40644178 0.18286508 0.13354158

0.35274497 0.20009966 0.15626836 -0.027758494
0.038992573 -0.14618392 0.16888852 0.23083358
-0.018291531 -0.045467284 0.0844922 -0.06228811
-0.053904086 -0.04873396 -0.054518487 -0.05631363
0.10823751 -0.009193633 0.10151899 0.041527927

-0.24943718 -0.11587287 0.15471391 0.11716874
-0.10392111 -0.08279364 -0.05197156 0.053310912
-0.6088859 -0.14912103 0.09606464 0.41317347
0.09848843 -0.09341344 -0.023607243 0.029670168
-0.39969406 -0.035938032 -0.038678724 0.2591244

-0.11539881 -0.17369951 -0.07508433 -0.16960628
0.12198512 0.007250069 0.11624972 0.13992663
0.122697204 -0.27000514 -0.23044984 -0.04990095
0.17757459 -0.013957205 -0.0004937065 -0.29547098
0.059358846 0.24796371 0.083236374 0.15961334

0.15869187 0.20914188 -0.25670177 -0.038687855
0.22197434 0.30662343 -0.016590765 0.078060456
0.1291961 -0.09451013 -0.0894413 -0.0418772
-0.007967231 -0.19263352 -0.059059523 -0.11944739
-0.17005198 -0.06850318 0.19873674 0.014911086

-0.16315065 -0.17883816 -0.21016268 -0.019945476
-0.03351101 -0.041782714 0.22855039 -0.021777583
-0.1858214 -0.19784215 -0.32958138 -0.035781756
0.068337195 -0.0064316723 0.087869495 -0.2927509
0.034296457 0.14389366 -0.22765791 0.20284238

0.11615791 0.052103534 -0.15077254 0.2076254
-0.22263074 0.031428427 0.34291413 0.12558383
0.052973043 0.15635839 0.07420552 0.14581738
-0.28553963 -0.041390665 0.3904906 0.0776549
-0.06597062 -0.08514351 0.006962005 -0.111081146

0.032268617 -0.4540093 0.046696857 0.30359542
0.107922986 -0.04777866 0.19460161 0.008767659
-0.23844513 -0.08222992 -0.1442705 0.07515506
-0.22509956 -0.06595796 -0.16025564 0.046259873
-0.0875766 -0.08549421 -0.2198641 0.06076018

0.4961134 0.5261919 0.20869972 -0.30345035
-0.22776969 -0.10341863 0.11007612 0.24782749
-0.23026873 -0.07678744 0.12969117 0.1637898
-0.15127258 -0.2907139 -0.2777697 0.063158475
0.23138076 0.39613312 0.22864051 -0.0113513805

0.03189466 -0.16603173 0.07774212 0.2912653
0.24162918 -0.42287022 0.15603743 0.09985491
-0.3413943 0.041710224 0.14396928 -0.13627416
0.0017384393 0.05201649 -0.06552541 0.13864502
-0.052082505 0.086567 -0.06524147 -0.09429103

-0.15116759 -0.20224541 0.22739874 0.16018929
-0.21574864 0.2874182 -0.30075973 0.17770341
0.16071683 -0.29908863 0.20570333 -0.111798875
0.22587427 -0.29002297 0.25407058 -0.17567413
0.22872503 -0.45124537 0.32574734 -0.15101847

-0.08514257 0.2661598 -0.047509927 -0.35311425
-0.111492574 -0.14280015 -0.20237458 0.25178716
-0.11586147 -0.18160835 0.14378086 0.25052288
-0.13151586 0.024262479 -0.1962005 0.09926184
0.16733229 -0.08257158 0.07770772 -0.14800997

-0.15895991 0.077117 -0.115246475 -0.09806586
0.019927695 0.019378206 0.18509023 -0.183872
-0.18505651 -0.044869635 -0.028390614 -0.17008963
0.22097637 -0.11626976 0.1083136 0.19462253
0.17251155 0.032334644 -0.11151843 0.32300693

-0.47990263 -0.081958584 -0.0025001126 -0.098883785
0.34700465 0.12243025 0.036563005 0.06164827
0.20344551 0.15828654 0.09983272 -0.1597317
-0.011427702 -0.0916573 -0.04254271 -0.12600249
-0.15742898 -0.03652505 0.0077319797 -0.16236238

-0.08838797 0.11256839 0.2833769 0.372801
0.18709676 -0.1906848 -0.0035911337 -0.08288437
-0.10853826 0.28715613 0.16699052 0.22950517
0.02520282 0.17963761 0.22730903 0.22802019
0.23146163 -0.14731888 -0.044524282 -0.115960844

0.053178955 -0.007775324 0.031015998 0.2436259
-0.09259157 -0.2965685 -0.10904472 -0.08921682
-0.052846335 -0.36744356 -0.10598057 0.14812662
-0.006782605 0.26039353 0.1016 -0.21706586
-0.12556462 -0.46380055 -0.15514916 0.07560929

0.02798074 0.06494095 0.2529409 -0.061289873
-0.24894664 0.0312682 0.07933299 -0.29202086
-0.18507749 0.16070524 0.16348778 0.09319563
-0.2828578 0.38134295 0.024544913 0.08665267
0.1847887 -0.38338393 -0.15805218 -0.26305747

-0.056733668 -0.17966689 0.046359394 0.2395106
-0.046930615 -0.08817674 -0.10535513 -0.013882807
-0.018087035 -0.0551862 -0.019371795 0.048605263
-0.009164655 0.16590013 -0.0042417813 -0.0979839
-0.014293467 -0.05693922 -0.13782193 0.03889748

0.080449216 -0.15497929 0.041015174 -0.10276128
-0.2519547 -0.008904488 0.20854656 -0.17787628
-0.11148665 -0.047793005 0.15675364 -0.10674001
-0.22856812 0.028694201 0.21626326 -0.14078376
-0.21695468 -0.04617036 0.3056909 -0.18905593

0.037528127 0.18371733 0.100856744 -0.1980007
-0.030529048 -0.11771801 0.013422142 -0.1310973
0.008384242 -0.08175942 0.027781129 0.13497745
-0.11958979 -0.24608144 -0.24717493 0.08158324
0.04780335 -0.17047027 0.07529891 0.08956964

0.19389667 -0.08040447 0.13149278 -0.010743541
0.16409747 -0.07619433 0.13262182 0.045452435
0.19697227 -0.038324185 0.08198661 0.06571036
-0.11708088 0.043203317 -0.12265493 0.0228809
0.30561566 -0.27892613 0.3996814 0.030277876

-0.11524614 0.44226375 -0.1349709 0.12146895
0.04162058 0.17179514 0.0037344033 0.11763904
-0.112936914 0.10152429 -0.08319456 0.13272321
0.07235381 -0.20971484 0.013114467 0.1707926
-0.09651446 0.20385525 -0.07509176 0.12761585

-0.068865895 -0.07706191 -0.085385345 -0.25325835
-0.0458364 0.24849874 -0.19214796 -0.0074858624
-0.041530974 -0.11081796 0.023105305 0.1055363
-0.17552301 -0.27768221 -0.08056671 0.13988246
0.1599777 0.08429874 0.18067701 0.10847434

0.15763514 -0.022991046 0.024910958 0.07410111
-0.18203983 -0.088518076 0.23815303 0.10727227
-0.42519003 0.04659192 0.16588485 0.16732186
0.31407675 0.03144332 -0.1912336 -0.073797956
-0.44719574 -0.16089462 0.31909746 -0.049746875

0.0052247634 -0.059807632 -0.1508058 -0.018571282
0.06665002 0.06970557 -0.108362354 0.108379535
0.114171326 -0.051247653 -0.060740393 -0.17011888
0.006132016 -0.13886273 -0.12304251 -0.12284918
-0.08656299 -0.09547077 -0.090822116 -0.15577911

-0.18877582 0.2519231 0.1804711 0.13811941
0.073568836 -0.26828694 -0.30095896 -0.15023147
0.09827528 0.017489843 0.10151848 0.028700585
0.08935401 -0.17470412 -0.2590025 -0.11837205
-0.14881296 0.1456301 0.048212525 0.06355972

-0.11784056 0.031982392 0.33049637 0.3202506
0.013725225 -0.24827957 -0.003918475 0.006152674
0.020308163 -0.073409826 -0.114468835 -0.28059715
0.039890766 0.10708214 -0.1933629 -0.1203469
0.16026951 -0.10159669 0.037869103 0.01282436

0.019975295 -0.042212054 -0.05815675 0.02744708
-0.12137081 -0.0017102978 -0.05785041 0.25664377
-0.060163613 0.17623757 -0.21121989 0.3025785
0.22801659 -0.034552656 -0.19410673 -0.21492575
-0.21786486 0.006740302 0.2062047 0.23679024

-0.28729218 0.010775095 0.094251454 0.0901479
-0.16669801 0.111039 0.14164853 -0.079861864
0.41760325 0.004686156 -0.019807545 -0.25125557
0.19473411 0.055415075 0.04823955 -0.17815277
0.16774045 0.047703665 0.07595957 -0.15792692

-0.09558767 0.036896706 0.48070884 -0.04754066
0.045667563 -0.038790073 0.0845885 -0.12659436
0.17739989 -0.16923428 0.33249217 -0.20666403
-0.0014267795 -0.040260904 -0.29535207 -0.24861355
-0.2139409 0.26467535 0.0012531744 0.1083492

-0.030074235 0.1414044 -0.17695774 -0.2287168
-0.29970986 0.1939212 -0.03939455 0.25767183
-0.48387048 0.2282345 -0.01744425 0.35753644
-0.009555577 0.038041353 -0.066379994 -0.122495726
-0.1514741 -0.2697717 0.17357631 -0.13864994

0.27834135 0.06952051 0.26404056 0.19770664
-0.06929497 -0.03393843 0.090411134 0.08595484
-0.22686096 -0.033047576 -0.0748962 0.0044198385
0.013344848 0.16898055 -0.24421589 -0.06358976
-0.0676862 -0.18891029 0.16629453 -0.0089443615

