100
-0.06195705 -0.111570336
0.14633045 0.06684103
-0.08942634 0.028377699
0.009011191 -0.059244957
-0.14711586 -0.102180146

0.030975485 0.13580951
0.0021543247 -0.16709512
-0.010216502 0.015137853
-0.071307495 0.18971273
-0.008090852 -0.14976345

0.13294803 0.30601814
-0.08985693 -0.041268565
0.020819543 -0.0072459127
0.11862627 0.020738425
0.027059862 -0.11267762

0.016043922 0.21800956
-0.05694855 0.019065026
0.26721847 0.002711228
0.01536689 0.26407665
0.2827928 -0.19080035

-0.17162794 0.069966935
-0.026649196 -0.09993609
0.11163411 -0.13304326
0.110556506 -0.106854655
0.057653837 -0.08264661

-0.26268688 -0.10376812
-0.04157436 -0.18066764
0.058411606 -0.0656289
0.005093369 0.107218854
-0.013712869 0.08396279

-0.11904185 -0.045071963
-0.26781264 -0.2897616
0.28245255 0.010146581
-0.30795828 -0.19951184
-0.049933948 -0.0429478

-0.14924829 -0.20173094
0.2757756 0.13972908
0.07107149 0.056152087
0.215865 0.15663353
0.10926743 0.11749075

-0.08278911 0.24023211
0.018373253 -0.2736858
0.22451071 -0.10441951
-0.043924995 -0.096282095
0.2536992 -0.03928345

-0.21999975 -0.029894087
-0.0713082 0.22443536
0.24547672 0.04312934
0.13498218 0.5157835
-0.12916614 -0.0039526396

0.032454588 -0.11620044
-0.16820852 -0.084323704
-0.24303165 -0.057915006
-0.24910046 -0.20545283
0.22267689 0.019048484

0.008917865 -0.08877358
0.04418823 0.039472114
0.10547113 0.06813754
0.03366407 0.017984543
-0.050373152 -0.07800871

-0.046047762 -0.0889332
-0.3780587 0.2200831
-0.33495387 0.11542878
-0.11670788 0.09779155
-0.0785081 0.08951689

0.010388229 0.12896043
-0.064150885 -0.23476717
0.31735075 -0.14600353
-0.0511292 -0.11860899
0.0021240928 0.0952581

0.12213228 -0.25099003
-0.27056465 0.0039417865
0.0016009681 0.04769458
-0.07770331 0.15521988
-0.120288275 0.076192364

-0.096453734 0.20532021
-0.0331525 -0.23967132
-0.25726867 -0.019495107
0.09812104 -0.2534101
-0.2096398 0.005575122

-0.0035942653 -0.13483977
0.15173523 -0.18768807
-0.043124016 -0.20549946
-0.16258845 0.19407117
0.16936438 -0.07855613

-0.0069883335 -0.0966367
0.1839551 -0.027710281
-0.025684247 0.006749945
0.12925392 0.09645287
-0.2760967 -0.06878536

-0.04633136 -0.1406068
0.19735397 0.29306802
-0.053152468 -0.1400392
-0.21042928 0.06965758
-0.010816922 -0.20910038

0.03539774 -0.15332247
0.11801057 0.021649454
0.14571247 0.31104228
0.16805494 0.117932625
-0.18860695 0.22930409

0.012361897 -0.039908253
0.098649636 -0.07728758
0.046084616 -0.09591466
0.11869698 -0.09032887
0.055146933 -0.014967941

0.051420413 0.0552279
0.15586162 0.24004701
-0.065316305 -0.0490101
0.07041851 -0.050663486
-0.003108404 -0.11558984

0.100655675 -0.16805516
0.022001214 0.10451913
-0.11047101 0.19549689
-0.041712 0.016355144
-0.11721108 0.06941316

0.0036997013 0.23057033
0.049222566 -0.088858664
0.18901147 0.2505779
0.08454062 -0.13753876
0.22044237 0.1459891

0.22395492 -0.08512076
-0.05223288 0.021674909
0.09063585 0.18018815
0.07449979 -0.11614429
-0.094918735 0.118212864

-0.08129697 0.09721226
0.110237956 0.18702449
-0.088219345 0.09055425
0.032258797 -0.035935912
-0.017428527 0.10969561

-0.0740587 0.14373721
-0.19142626 -0.13417177
0.04680579 -0.044357844
0.08895678 -0.12506317
0.1876011 0.1497118

0.10509324 0.006306786
0.32240373 -0.118439145
-0.26000178 0.3703999
0.039090294 -0.24815206
0.041503508 -0.10169302

0.1784217 -0.31611297
-0.043255616 0.0606252
-0.06810507 -0.075925276
0.13180907 -0.072650306
-0.13558276 0.10341973

0.019301036 0.12165885
-0.04746872 0.10838656
0.06295147 -0.12304345
-0.22354755 -0.13929221
-0.1472701 -0.113377854

0.07755038 -0.28134912
0.02939582 -0.12914713
-0.17181626 -0.08663089
0.08383642 0.036720898
-0.04327787 0.0131362425

0.4156889 0.23894091
0.432761 0.1926159
-0.38083073 -0.15163031
-0.34869263 -0.19795498
-0.24827003 -0.17105696

0.12691528 0.0990622
0.03730268 0.08404335
-0.06831096 0.13894567
0.15712987 0.13173656
-0.018076578 -0.33791348

-0.043107495 0.20876215
0.41297162 -0.44340974
0.3114505 -0.105196536
0.060688898 -0.03200591
0.12886643 0.053194452

-0.0093723675 -0.20237057
-0.03733473 0.08898815
-0.1731225 0.20680876
-0.10591478 0.3069405
0.15120035 -0.5156885

0.006263733 -0.033627395
0.0961401 0.13451387
0.09270776 0.36152104
0.2262852 0.070301704
-0.13372177 -0.28989556

0.11811654 0.11590849
0.04258106 -0.07467146
0.23660731 0.1264146
-0.039805673 0.02044124
0.103286386 0.14357714

0.10165415 -0.18586321
0.009008116 0.041804444
0.07104968 -0.03922256
0.16667378 -0.025979575
-0.029019713 0.0050519006

0.14419402 0.14781624
0.286612 0.2329521
0.12580177 0.06999993
0.21542913 0.0030217192
0.19237645 0.13831338

-0.04637794 0.06613721
0.07713937 -0.0632673
0.12622792 -0.12094849
-0.3106976 0.19036913
0.026092533 0.0125942165

0.1248777 0.1389109
0.080770105 -0.20955507
-0.10198935 -0.06885289
0.054206017 -0.2952035
-0.054215707 -0.10073738

0.02195126 0.3492731
0.20001894 -0.22260916
0.18856795 0.044720758
0.042398416 0.03771585
-0.062159915 0.31480426

-0.21272197 -0.039878212
-0.016565332 -0.24235559
-0.04830891 0.13600533
-0.011575814 -0.15410535
-0.2918978 0.0011087913

-0.080328755 -0.016270896
-0.24057172 0.03859852
0.39286616 -9.360789e-06
-0.046687145 0.05118253
0.5902867 0.23736294

0.1919321 0.06130151
-0.1329702 0.080230005
-0.28845757 0.06254279
0.20486149 -0.24536504
-0.3655041 0.4036705

0.046136297 -0.04035591
-0.14693357 0.20241544
-0.024008542 -0.06474846
-0.013199666 0.07099939
-0.010128833 -0.19051197

0.33514836 0.10739815
-0.041028637 0.21376371
0.01345997 0.12033915
-0.1396416 0.14309263
0.32501695 0.1808734

0.15536894 0.1585078
0.068153016 -0.15414195
-0.003328282 0.027830759
0.18214855 -0.046861693
0.18190932 -0.201922

-0.19116671 0.25409645
-0.16944507 0.146032
-0.15268074 0.13336627
0.2625432 -0.13602684
0.1487868 -0.16258258

-0.15009327 0.040535975
0.018453255 -0.31718928
0.08412054 0.037479926
-0.114151284 -0.029078057
-0.09007233 0.23927246

0.14832515 -0.047162846
0.090077594 -0.0018565485
-0.111026384 -0.0608398
0.0030236815 -0.010947781
0.09621072 0.15866777

-0.026886163 0.07949747
0.067417316 0.1613517
-0.06318531 0.107045814
-0.06935004 0.2742718
0.05762758 0.08064605

0.20258206 -0.2640444
0.018258415 0.1298882
-0.014713746 0.15410636
0.01451014 -0.1934473
0.18806608 -0.3935475

-0.15262975 0.038355105
-0.16303009 0.071666755
-0.14267369 0.059090115
-0.116506785 0.0073709674
0.16717736 -0.096471794

-0.014681738 -0.16251415
0.08643612 0.04974522
-0.08454413 -0.3122939
-0.33059588 0.18499422
0.3580586 0.012205268

-0.15027133 -0.04786423
-0.291561 -0.035745054
-0.02418384 0.051929574
-0.024535917 0.12738265
0.14734514 0.17848097

0.06546461 0.07496926
0.08319645 0.10810302
0.2749148 0.00069859717
-0.20283836 -0.14598857
0.25915 0.06805849

-0.4397616 -0.06262401
0.3391341 0.41705886
0.21721956 0.32597205
-0.201916 -0.010588293
-0.11831511 -0.1419144

-0.030058125 -0.13571602
0.061047196 0.32546332
0.053781923 0.15000497
0.09315498 0.24502419
0.27557993 0.11440418

0.3493194 -0.001400727
-0.22662085 0.05194899
0.049699534 -0.051108293
0.279475 0.1265049
-0.058255527 0.27857554

0.01840573 0.06500223
-0.04998657 0.03637625
0.064141884 0.0053882487
-0.015674002 -0.004056098
-0.25566146 0.21707655

0.17770901 0.20685081
0.164103 0.009189769
0.054683547 0.06989059
0.22100544 0.0969384
0.16743998 -0.044544015

-0.08467024 0.15252881
-0.3328958 -0.31173018
0.017981451 0.18460156
-0.00048762406 0.10253571
0.126693 0.25360474

0.010820824 -0.067946784
0.35026392 0.19752109
0.18204054 0.06713032
-0.065415815 0.08709225
-0.07306693 0.13893165

0.04196598 -0.028493227
-0.06196306 -0.09576957
-0.027102944 -0.1066861
-0.026959691 0.14927547
0.01868664 -0.11943035

-0.22422534 -0.18221855
0.18173477 0.15302067
0.0817672 0.06429394
0.18755616 0.14851558
0.3240409 0.2535497

-0.18004009 0.04846114
-0.11417076 -0.11456796
-0.03613146 -0.46862146
0.08258651 -0.443577
0.09318654 0.27823794

-0.0726988 0.040485773
0.10363992 -0.008945737
0.18787652 0.11784498
-0.12362662 0.07234213
-0.021908969 -0.11364237

0.017258942 0.04928949
0.04482946 -0.21936503
-0.17291617 -0.013017373
-0.17890835 -0.064562224
0.08336542 0.40644178

0.35274497 0.20009966
0.038992573 -0.14618392
-0.018291531 -0.045467284
-0.053904086 -0.04873396
0.10823751 -0.009193633

-0.24943718 -0.11587287
-0.10392111 -0.08279364
-0.6088859 -0.14912103
0.09848843 -0.09341344
-0.39969406 -0.035938032

-0.11539881 -0.17369951
0.12198512 0.007250069
0.122697204 -0.27000514
0.17757459 -0.013957205
0.059358846 0.24796371

0.15869187 0.20914188
0.22197434 0.30662343
0.1291961 -0.09451013
-0.007967231 -0.19263352
-0.17005198 -0.06850318

-0.16315065 -0.17883816
-0.03351101 -0.041782714
-0.1858214 -0.19784215
0.068337195 -0.0064316723
0.034296457 0.14389366

0.11615791 0.052103534
-0.22263074 0.031428427
0.052973043 0.15635839
-0.28553963 -0.041390665
-0.06597062 -0.08514351

0.032268617 -0.4540093
0.107922986 -0.04777866
-0.23844513 -0.08222992
-0.22509956 -0.06595796
-0.0875766 -0.08549421

0.4961134 0.5261919
-0.22776969 -0.10341863
-0.23026873 -0.07678744
-0.15127258 -0.2907139
0.23138076 0.39613312

0.03189466 -0.16603173
0.24162918 -0.42287022
-0.3413943 0.041710224
0.0017384393 0.05201649
-0.052082505 0.086567

-0.15116759 -0.20224541
-0.21574864 0.2874182
0.16071683 -0.29908863
0.22587427 -0.29002297
0.22872503 -0.45124537

-0.08514257 0.2661598
-0.111492574 -0.14280015
-0.11586147 -0.18160835
-0.13151586 0.024262479
0.16733229 -0.08257158

-0.15895991 0.077117
0.019927695 0.019378206
-0.18505651 -0.044869635
0.22097637 -0.11626976
0.17251155 0.032334644

-0.47990263 -0.081958584
0.34700465 0.12243025
0.20344551 0.15828654
-0.011427702 -0.0916573
-0.15742898 -0.03652505

-0.08838797 0.11256839
0.18709676 -0.1906848
-0.10853826 0.28715613
0.02520282 0.17963761
0.23146163 -0.14731888

0.053178955 -0.007775324
-0.09259157 -0.2965685
-0.052846335 -0.36744356
-0.006782605 0.26039353
-0.12556462 -0.46380055

0.02798074 0.06494095
-0.24894664 0.0312682
-0.18507749 0.16070524
-0.2828578 0.38134295
0.1847887 -0.38338393

-0.056733668 -0.17966689
-0.046930615 -0.08817674
-0.018087035 -0.0551862
-0.009164655 0.16590013
-0.014293467 -0.05693922

0.080449216 -0.15497929
-0.2519547 -0.008904488
-0.11148665 -0.047793005
-0.22856812 0.028694201
-0.21695468 -0.04617036

0.037528127 0.18371733
-0.030529048 -0.11771801
0.008384242 -0.08175942
-0.11958979 -0.24608144
0.04780335 -0.17047027

0.19389667 -0.08040447
0.16409747 -0.07619433
0.19697227 -0.038324185
-0.11708088 0.043203317
0.30561566 -0.27892613

-0.11524614 0.44226375
0.04162058 0.17179514
-0.112936914 0.10152429
0.07235381 -0.20971484
-0.09651446 0.20385525

-0.068865895 -0.07706191
-0.0458364 0.24849874
-0.041530974 -0.11081796
-0.17552301 -0.27768221
0.1599777 0.08429874

0.15763514 -0.022991046
-0.18203983 -0.088518076
-0.42519003 0.04659192
0.31407675 0.03144332
-0.44719574 -0.16089462

0.0052247634 -0.059807632
0.06665002 0.06970557
0.114171326 -0.051247653
0.006132016 -0.13886273
-0.08656299 -0.09547077

-0.18877582 0.2519231
0.073568836 -0.26828694
0.09827528 0.017489843
0.08935401 -0.17470412
-0.14881296 0.1456301

-0.11784056 0.031982392
0.013725225 -0.24827957
0.020308163 -0.073409826
0.039890766 0.10708214
0.16026951 -0.10159669

0.019975295 -0.042212054
-0.12137081 -0.0017102978
-0.060163613 0.17623757
0.22801659 -0.034552656
-0.21786486 0.006740302

-0.28729218 0.010775095
-0.16669801 0.111039
0.41760325 0.004686156
0.19473411 0.055415075
0.16774045 0.047703665

-0.09558767 0.036896706
0.045667563 -0.038790073
0.17739989 -0.16923428
-0.0014267795 -0.040260904
-0.2139409 0.26467535

-0.030074235 0.1414044
-0.29970986 0.1939212
-0.48387048 0.2282345
-0.009555577 0.038041353
-0.1514741 -0.2697717

0.27834135 0.06952051
-0.06929497 -0.03393843
-0.22686096 -0.033047576
0.013344848 0.16898055
-0.0676862 -0.18891029

