100
-0.059091948 -0.108998075
0.05802073 0.028723184
0.015101172 0.10715225
0.015068531 -0.07179852
0.020239683 0.05917986

0.08442901 0.025039488
-0.05384053 0.118758306
0.04123962 0.0030898286
-0.111769296 -0.49911913
-0.18798788 -0.09016663

0.0065697366 0.043168854
0.083851136 0.09433842
-0.20831607 -0.10064356
-0.020548156 -0.046428286
0.10877274 -0.11269883

-0.3054278 0.18307042
0.11658529 -0.19813512
-0.20290293 0.071864106
0.004855917 0.031954627
-0.10861396 -0.044147547

0.15194716 -0.19720283
-0.045800745 0.21687903
-0.2479123 0.30558094
0.060241353 -0.0017973244
-0.13634683 0.19956009

-0.044872828 -0.1102941
-0.29369375 -0.17108859
-0.19001535 -0.0828613
-0.16279861 -0.046082444
0.38797197 0.20991395

0.0048823147 -0.046613228
0.11177608 -0.15972213
0.2692542 0.032015443
-0.089635774 0.055346835
0.40868178 -0.28020394

-0.20962845 -0.29301015
0.029448533 -0.040997427
0.1007658 -0.017204257
-0.2756305 -0.07260644
-0.41950536 -0.19971754

0.11336788 -0.24060257
-0.13443787 0.0691119
-0.10209722 0.08194796
-0.05396289 0.03813332
-0.07156749 0.1908033

0.15435946 0.15625946
0.22229668 0.20240133
-0.17643286 -0.19052498
0.09732807 0.083932534
0.12901877 0.16700369

-0.15533683 0.3286642
-0.024849249 -0.3771675
-0.100950874 0.103863284
-0.17636171 -0.16610344
0.020316444 -0.221734

-0.32639506 0.16360758
0.09416869 -0.035346095
-0.054741126 0.001971213
-0.073752224 0.08625151
-0.39766812 0.21152975

0.02939543 0.15898561
-0.009674364 0.10598311
0.062036388 -0.27042016
0.06897634 -0.123071775
-0.02909014 0.10598382

0.095085844 0.07990525
-0.014814415 0.022281567
-0.37642348 -0.3681739
-0.03598995 -0.0076902136
0.04929664 0.05063672

0.13964066 0.3141376
0.32756227 -0.030668095
-0.19427119 -0.09917564
-0.104999594 -0.21876496
-0.09443935 -0.105824225

-0.17975043 -0.13636407
-0.14122811 0.012792116
-0.15763295 -0.17118013
0.16255558 0.08793081
0.15407851 -0.1547575

-0.32128233 -0.19662835
-0.18514925 -0.08043076
-0.24276188 -0.3395086
0.15874663 0.096914075
-0.04747078 0.14505309

-0.1842387 -0.35279962
0.09290113 -0.1593466
0.1920981 -0.10489265
0.067087375 -0.034130722
0.09360118 0.16122979

0.015762525 -0.026181003
-0.0103602735 -0.14218046
0.08460276 0.07527027
0.397116 -0.12244259
0.21222547 0.351667

0.20749141 0.09017543
0.052155912 -0.20271562
-0.36053586 -0.28783864
-0.18431273 -0.076803155
-0.22456825 -0.037697908

0.015249494 -0.13815936
0.07479746 -0.04483005
-0.010531806 -0.05395802
0.06152858 -0.015341915
0.057132073 0.18387114

-0.18496402 0.22333173
-0.3677299 0.23521657
0.31073824 -0.15112893
-0.20663905 0.14570178
0.08535312 0.10398824

0.06648199 -0.19707699
0.0748789 -0.13513623
-0.011035522 0.10877475
0.27247936 -0.009090367
-0.013235366 -0.02168125

-0.019088874 -0.092745416
-0.017331637 0.06461343
0.1628875 0.107713945
0.1554037 0.26008102
0.060330205 0.0793792

-0.054790303 0.010588231
0.24212381 0.17317306
-0.5149512 -0.048834078
0.2706776 0.090961985
-0.24386017 0.15832518

0.10356093 -0.25699517
0.28484836 0.2138939
0.03125459 0.019958392
-0.0017679303 -0.026515607
0.18165599 0.057886858

0.013248156 0.20560353
-0.060029194 -0.1526972
-0.09960434 0.06764343
0.20960374 0.10331241
0.23880818 0.13023832

-0.010396364 -0.22176409
-0.07112205 -0.50496304
-0.055125453 0.00817062
-0.2258559 0.25381103
0.19537641 0.057763144

-0.23212658 -0.28886655
0.07533292 0.13078669
0.11663078 -0.014152964
-0.16072552 0.011714529
0.19431008 0.12304537

-0.023838338 -0.03731437
-0.11677684 -0.24005933
-0.021116264 0.022850802
0.05907861 -0.063554734
0.12023506 0.08528993

-0.25613964 0.17204602
-0.06554355 0.24467234
0.10643462 0.2191603
-0.1510377 0.19836536
0.12434081 -0.25269395

0.12954433 0.13542295
-0.02876878 0.044927534
0.06426968 -0.05290083
-0.06720769 -0.15908994
0.052952856 0.022436192

-0.2230296 0.1165439
0.17373413 0.03338674
0.2729305 -0.22852995
-0.11940501 0.17528574
0.049111146 -0.13079381

-0.103778884 0.0049288543
0.24489681 -0.23589982
0.08652057 0.01667687
0.15618972 0.008668776
-0.041648235 0.10598651

0.09849055 0.18374893
-0.13962576 -0.09746903
-0.1488223 -0.040451147
-0.08823603 -0.13132119
0.18212855 0.25745827

0.10917233 0.17095816
0.046550613 0.2570253
-0.16762133 0.075731166
-0.11723369 -0.13916984
0.053126022 -0.22877587

0.04628282 -0.026762048
-0.012185518 -0.05875036
0.10858914 -0.090980954
-0.31771973 0.024750823
-0.3224786 -0.021422444

0.16984586 0.030283978
0.09577487 0.090915166
0.084095836 -0.016289696
-0.053857125 -0.06417733
0.036954142 0.22286585

0.08420197 -0.03740445
-0.029650232 -0.09491525
-0.046458468 0.004072135
-0.14503518 0.2371106
-0.14631292 -0.12701398

0.10917974 0.08465029
0.050162334 0.024665607
-0.218977 -0.00073797797
0.14142355 -0.29514664
0.28440866 0.13555604

0.00049297663 0.0988762
-0.25654578 0.04726074
-0.10423698 -0.044653594
-0.26879206 -0.05173914
-0.15714258 -0.04032902

0.3254264 -0.069465116
-0.19608884 -0.024361107
0.045804717 -0.05872503
0.012127262 -0.05916275
0.24406685 0.09526957

0.15529618 0.07517187
0.1760841 0.094357215
-0.0011868823 -0.030489212
0.0037576882 0.18897171
0.30152804 0.09492952

-0.49272105 0.22828351
-0.27080202 0.04692033
0.061548725 0.043530565
0.11995389 -0.016666058
-0.07762463 -0.039768953

0.38309097 -0.05481237
-0.1301393 0.28598648
-0.18408144 0.34820598
0.26317534 0.18012239
-0.1569957 -0.060752973

0.09797623 0.05538231
-0.12576139 0.0022468807
-0.30318868 0.10742509
0.21242999 -0.008405764
-0.10508806 0.226878

0.017052947 -0.13184385
-0.067442805 0.15800261
0.026332257 -0.14810647
0.2428523 0.09508068
0.20935978 0.045495488

-0.24740988 -0.28495738
0.053742733 0.04511422
-0.041666098 -0.031407323
-0.13730904 -0.17533328
-0.06340675 -0.08637423

0.0043963753 -0.06105522
-0.09922254 0.041785013
0.029743899 -0.13186824
-0.038240626 -0.12547185
-0.028832931 0.08567017

0.032997727 0.16428673
0.27811447 0.16587739
-0.060230702 -0.14030719
0.06394836 0.2992527
-0.24016297 -0.007677095

0.14240465 0.19232541
-0.016020855 0.1305499
0.034492403 0.14716005
-0.004857394 -0.17566033
0.16947281 0.098581895

-0.14727014 -0.048435178
0.27079952 -0.041805595
-0.025465673 -0.08802724
-0.004586402 -0.16357344
0.21255338 -0.02436371

0.08132759 0.24254984
0.23812115 0.10490054
0.0071153403 -0.02349787
-0.22270602 -0.064602315
-0.029054875 0.19234122

0.089210175 0.15250973
0.11831995 0.13751228
0.03604494 0.19344874
-0.03414429 0.081107676
-0.08618081 -0.2257732

0.30377188 0.08788771
0.123143084 0.047316954
0.10563187 -0.089732245
0.19286212 0.21162708
0.07078593 0.06607572

0.1750864 -0.05789807
-0.055682085 0.11611118
-0.031757757 0.12425493
-0.034264866 -0.22292742
0.21104036 -0.12589127

0.09884888 -0.12799725
-0.015677443 0.040164266
0.040958233 0.14634272
-0.034395505 -0.07821425
0.012160463 0.13479063

0.20796598 0.11564626
-0.23750982 -0.13907593
-0.029150136 -0.26159075
0.10886747 0.12833269
0.11394852 -0.06210773

-0.11679086 -0.17385183
0.08593448 0.22714439
0.11879345 0.19614552
0.19221845 0.30164474
0.04301103 0.21680513

-0.032855827 0.2265844
0.14823227 -0.1103668
-0.07288741 0.008176844
0.037907463 0.20920444
-0.05118822 -0.021913426

-0.1467199 -0.2265795
-0.016944554 -0.05302564
-0.09416814 -0.11432988
-0.03331688 -0.072672635
0.15125501 0.21305355

-0.015408666 -0.5759512
-0.07350322 -0.41029084
0.2505345 0.13092358
0.3961792 -0.088616796
0.20248134 -0.081919186

0.21033034 -0.1630266
0.4006559 -0.15373118
0.08338213 -0.1437663
0.045863796 -0.0041701985
-0.18526416 0.098644055

0.015166196 -0.014902762
-0.11309251 -0.36232314
-0.1308564 -0.09707657
0.034572713 0.13561271
0.09715045 0.110597216

0.014744413 -0.0030596268
-0.12645614 -0.033996973
0.24590372 -0.078462005
0.21039131 -0.009437553
0.014407402 -0.122614905

-0.094873406 0.075554915
0.10789388 0.031093417
-0.0054196897 0.05350143
0.012142054 0.05849581
-0.0222898 0.16082104

0.120841466 0.046005156
-0.019198116 0.16941208
0.17925404 0.047728278
-0.06316273 -0.100487575
0.06996876 -0.09079142

0.15416828 -0.10944551
-0.23124802 -0.22015257
-0.0054523717 0.14470144
0.2556845 0.14283077
-0.061383825 0.1383102

-0.12275107 0.040402036
-0.010259 -0.055117477
-0.20344855 0.004906861
0.12369558 -0.050909918
0.18286508 0.13354158

0.15626836 -0.027758494
0.16888852 0.23083358
0.0844922 -0.06228811
-0.054518487 -0.05631363
0.10151899 0.041527927

0.15471391 0.11716874
-0.05197156 0.053310912
0.09606464 0.41317347
-0.023607243 0.029670168
-0.038678724 0.2591244

-0.07508433 -0.16960628
0.11624972 0.13992663
-0.23044984 -0.04990095
-0.0004937065 -0.29547098
0.083236374 0.15961334

-0.25670177 -0.038687855
-0.016590765 0.078060456
-0.0894413 -0.0418772
-0.059059523 -0.11944739
0.19873674 0.014911086

-0.21016268 -0.019945476
0.22855039 -0.021777583
-0.32958138 -0.035781756
0.087869495 -0.2927509
-0.22765791 0.20284238

-0.15077254 0.2076254
0.34291413 0.12558383
0.07420552 0.14581738
0.3904906 0.0776549
0.006962005 -0.111081146

0.046696857 0.30359542
0.19460161 0.008767659
-0.1442705 0.07515506
-0.16025564 0.046259873
-0.2198641 0.06076018

0.20869972 -0.30345035
0.11007612 0.24782749
0.12969117 0.1637898
-0.2777697 0.063158475
0.22864051 -0.0113513805

0.07774212 0.2912653
0.15603743 0.09985491
0.14396928 -0.13627416
-0.06552541 0.13864502
-0.06524147 -0.09429103

0.22739874 0.16018929
-0.30075973 0.17770341
0.20570333 -0.111798875
0.25407058 -0.17567413
0.32574734 -0.15101847

-0.047509927 -0.35311425
-0.20237458 0.25178716
0.14378086 0.25052288
-0.1962005 0.09926184
0.07770772 -0.14800997

-0.115246475 -0.09806586
0.18509023 -0.183872
-0.028390614 -0.17008963
0.1083136 0.19462253
-0.11151843 0.32300693

-0.0025001126 -0.098883785
0.036563005 0.06164827
0.09983272 -0.1597317
-0.04254271 -0.12600249
0.0077319797 -0.16236238

0.2833769 0.372801
-0.0035911337 -0.08288437
0.16699052 0.22950517
0.22730903 0.22802019
-0.044524282 -0.115960844

0.031015998 0.2436259
-0.10904472 -0.08921682
-0.10598057 0.14812662
0.1016 -0.21706586
-0.15514916 0.07560929

0.2529409 -0.061289873
0.07933299 -0.29202086
0.16348778 0.09319563
0.024544913 0.08665267
-0.15805218 -0.26305747

0.046359394 0.2395106
-0.10535513 -0.013882807
-0.019371795 0.048605263
-0.0042417813 -0.0979839
-0.13782193 0.03889748

0.041015174 -0.10276128
0.20854656 -0.17787628
0.15675364 -0.10674001
0.21626326 -0.14078376
0.3056909 -0.18905593

0.100856744 -0.1980007
0.013422142 -0.1310973
0.027781129 0.13497745
-0.24717493 0.08158324
0.07529891 0.08956964

0.13149278 -0.010743541
0.13262182 0.045452435
0.08198661 0.06571036
-0.12265493 0.0228809
0.3996814 0.030277876

-0.1349709 0.12146895
0.0037344033 0.11763904
-0.08319456 0.13272321
0.013114467 0.1707926
-0.07509176 0.12761585

-0.085385345 -0.25325835
-0.19214796 -0.0074858624
0.023105305 0.1055363
-0.08056671 0.13988246
0.18067701 0.10847434

0.024910958 0.07410111
0.23815303 0.10727227
0.16588485 0.16732186
-0.1912336 -0.073797956
0.31909746 -0.049746875

-0.1508058 -0.018571282
-0.108362354 0.108379535
-0.060740393 -0.17011888
-0.12304251 -0.12284918
-0.090822116 -0.15577911

0.1804711 0.13811941
-0.30095896 -0.15023147
0.10151848 0.028700585
-0.2590025 -0.11837205
0.048212525 0.06355972

0.33049637 0.3202506
-0.003918475 0.006152674
-0.114468835 -0.28059715
-0.1933629 -0.1203469
0.037869103 0.01282436

-0.05815675 0.02744708
-0.05785041 0.25664377
-0.21121989 0.3025785
-0.19410673 -0.21492575
0.2062047 0.23679024

0.094251454 0.0901479
0.14164853 -0.079861864
-0.019807545 -0.25125557
0.04823955 -0.17815277
0.07595957 -0.15792692

0.48070884 -0.04754066
0.0845885 -0.12659436
0.33249217 -0.20666403
-0.29535207 -0.24861355
0.0012531744 0.1083492

-0.17695774 -0.2287168
-0.03939455 0.25767183
-0.01744425 0.35753644
-0.066379994 -0.122495726
0.17357631 -0.13864994

0.26404056 0.19770664
0.090411134 0.08595484
-0.0748962 0.0044198385
-0.24421589 -0.06358976
0.16629453 -0.0089443615

