0.146346 0.009231 -0.114322 0.355026
-0.225799 -0.131863 0.254774 0.135205
0.125366 -0.184842 -0.047956 -0.129103
-0.119102 -0.355478 0.100260 -0.297112

0.112799 -0.166857 0.224090 -0.043479
-0.435326 -0.051039 -0.095728 0.160786
-0.182058 -0.184382 -0.321153 -0.000806
0.310486 -0.452680 -0.009177 -0.402857

0.088951 0.497651 0.181041 0.106895
-0.086272 0.412390 0.399874 0.448155
-0.118433 -0.297669 0.307271 -0.193191
-0.274378 -0.021672 0.067156 0.143204

-0.199503 -0.064225 0.446210 -0.393887
0.418831 -0.436001 0.244131 0.494772
-0.486706 0.296981 -0.448756 0.305952
0.395299 -0.359372 -0.121937 -0.082380

-0.009196 -0.206002 0.273989 -0.284565
-0.123805 0.213706 -0.496179 0.060470
-0.077954 -0.381351 0.046333 0.424274
0.044966 0.426470 0.214712 -0.328570

0.219859 -0.266600 -0.472557 0.147065
0.313992 -0.013248 -0.388414 0.161051
0.364203 -0.395464 0.458032 0.376540
0.056660 -0.197917 0.110351 0.402241

0.292223 -0.398192 0.157267 -0.086567
-0.200695 -0.168724 0.352032 -0.323450
0.226710 0.198503 0.477596 0.312067
-0.164507 -0.392129 -0.238907 -0.055352

-0.314004 0.242219 0.197781 0.497338
-0.113055 0.305411 0.055499 0.428271
0.442368 -0.395048 0.177410 0.244703
0.439480 0.073997 0.206556 0.115487

-0.439468 0.241676 -0.408888 0.030099
-0.183093 -0.039840 0.453723 0.326100
-0.236228 0.196832 0.327047 0.025333
-0.109988 -0.159395 -0.465170 -0.306564

-0.118652 0.156004 -0.472773 0.137288
0.405830 -0.492925 -0.496028 0.208636
0.260882 -0.179382 0.283398 0.202415
0.309417 -0.119927 0.262059 0.117241

0.352518 0.025467 -0.214874 -0.275354
-0.000692 -0.331625 -0.055300 -0.383592
-0.091857 -0.034573 -0.325861 -0.452467
0.368889 -0.436304 -0.122845 0.414973

-0.203239 0.450223 -0.232145 -0.178102
-0.148916 -0.089310 0.047405 0.045526
-0.381499 -0.351190 -0.425187 0.308889
0.240730 0.144182 0.329488 -0.266112

0.475894 0.435171 -0.403632 0.479732
-0.067566 0.085750 0.499762 -0.191429
0.151673 -0.142664 0.045415 -0.017042
0.383300 0.462052 0.299288 -0.492488

0.083606 -0.096560 0.401234 0.319431
-0.478646 0.396968 0.287293 0.121613
-0.495667 0.091016 -0.333305 -0.275414
-0.430065 0.007434 -0.388056 -0.332311

0.226389 0.237119 -0.268673 -0.426297
-0.237092 0.187733 -0.212563 0.189262
-0.494139 -0.469109 0.460732 -0.333907
0.126863 0.070062 0.223912 -0.428266

0.479039 0.483171 -0.197422 -0.044794
-0.197886 -0.018696 -0.192051 0.433996
-0.091993 0.426631 0.251561 0.097992
0.309548 0.388952 -0.212024 -0.162329

0.077772 0.169232 0.383296 0.106772
0.114513 -0.405975 -0.229954 0.137481
0.182258 -0.294980 -0.418658 0.425224
-0.055180 -0.308351 -0.220866 0.474065

0.284996 0.447201 -0.167545 -0.156532
-0.154291 0.172148 0.159016 -0.185793
0.285224 0.154295 0.485694 0.383292
-0.325534 0.130091 0.151835 0.485235

0.157380 0.315326 0.080323 -0.180712
0.444459 0.090985 0.387878 0.254921
-0.302353 0.057407 0.448889 0.180934
-0.398222 0.088737 -0.091671 -0.479028

0.003085 0.030694 -0.355154 0.093369
0.163198 -0.296345 -0.184988 -0.446155
-0.321786 0.238062 0.217290 0.417953
0.096822 0.186479 0.396284 0.412758

-0.217811 0.138954 -0.320315 0.155101
-0.117735 0.297129 0.111726 -0.019968
-0.218521 0.270724 -0.210575 0.017311
0.013114 0.433369 -0.356599 0.325331

0.251986 -0.086995 -0.031330 -0.079116
0.073502 -0.250019 -0.436782 0.049279
-0.497699 0.081235 0.315433 -0.240402
0.306117 -0.231789 0.277915 0.205017

0.067202 -0.020831 0.028558 0.354644
0.172517 -0.137561 -0.408432 -0.178058
-0.276491 -0.496296 0.064366 -0.474889
-0.151571 0.419332 -0.382225 -0.093439

-0.121236 -0.061671 0.422297 -0.154852
-0.434071 -0.256190 0.209362 0.184569
0.205298 -0.208152 0.240586 -0.129416
0.342617 -0.022551 0.359365 -0.189323

-0.491169 -0.397563 0.330829 -0.151049
0.163488 -0.250651 0.157334 0.369263
0.259110 0.398995 0.400206 -0.303265
0.338267 -0.309122 0.202171 -0.017737

0.112960 -0.283103 -0.304580 0.052653
-0.143904 -0.087661 -0.012939 -0.410489
-0.175423 -0.116930 -0.345007 -0.401637
-0.361777 -0.245204 0.305374 -0.103142

0.267530 -0.154660 0.186923 0.246200
0.398789 0.181971 -0.435311 0.046742
0.211216 0.454257 -0.233397 0.309464
0.480596 0.107469 0.475846 -0.101986

-0.054955 0.417858 0.334521 -0.490539
0.401039 -0.304437 -0.462981 0.357837
-0.063623 -0.357139 0.276835 -0.314664
-0.472184 -0.467260 -0.051473 0.491890

0.003583 -0.333081 0.068897 -0.168771
0.309524 0.100993 0.125939 0.319217
-0.005647 0.404658 0.001185 0.177027
0.286992 -0.133531 0.474982 0.206675

-0.056193 -0.202543 0.302736 -0.290505
-0.108722 0.341332 0.474018 -0.241398
-0.173965 0.020356 -0.138818 0.349659
-0.289728 -0.110649 0.000890 0.388651

-0.302916 0.235421 -0.107298 0.179893
0.359487 0.467786 -0.302743 0.111024
0.363693 -0.301545 -0.364250 -0.009396
-0.124311 -0.136435 0.155135 0.447920

0.363161 0.476991 -0.419253 -0.456206
0.302895 0.268765 -0.098981 -0.340882
0.278984 0.098323 -0.089592 0.017403
0.070257 -0.376343 -0.159510 -0.244925

-0.154674 0.216629 -0.297205 0.276129
0.286895 -0.239799 0.347579 0.391673
0.334495 0.068829 0.387552 -0.446597
0.260774 -0.175969 -0.443646 0.239997

-0.076195 0.144240 0.375186 0.435285
0.230218 -0.498239 -0.419725 -0.004535
-0.342091 0.244957 -0.101660 0.394454
-0.089718 -0.334840 -0.181420 -0.016815

0.233445 -0.195913 -0.425736 0.110549
0.308366 0.251953 0.499636 -0.270363
0.072735 -0.044179 -0.255191 0.323025
-0.331572 0.017345 -0.085319 0.202146

0.305189 -0.141029 -0.055015 -0.394039
-0.230712 0.426493 -0.229568 -0.388333
0.246634 -0.035392 0.261135 0.182431
0.262760 0.404567 0.347521 -0.160250

0.047296 -0.424368 0.296713 0.484455
-0.044214 -0.108280 0.046561 0.460575
-0.485341 -0.409933 0.115090 -0.443747
-0.060986 0.196126 -0.164629 -0.126394

0.120465 -0.149330 0.095733 -0.288029
0.178757 -0.033642 -0.328709 0.059383
-0.007320 0.199894 0.128645 -0.097779
-0.195408 0.267215 -0.247698 0.010617

0.383886 -0.320855 0.474421 0.122949
0.497320 -0.295274 0.257941 -0.084380
0.240865 -0.342381 -0.066919 -0.460673
-0.321690 -0.145571 0.131915 0.015641

0.313268 0.264435 -0.360134 -0.403723
-0.231330 -0.138276 0.269487 0.238276
0.470709 0.385100 0.469213 0.179046
0.282474 0.497407 -0.275394 -0.254932

-0.371712 -0.222603 0.410909 0.157341
-0.251534 -0.021755 -0.489570 -0.494163
-0.269274 -0.209453 -0.462304 -0.275866
-0.159922 -0.275766 0.307542 -0.037342

-0.442502 -0.441885 -0.305640 0.294941
-0.448604 0.170141 0.185657 -0.414270
-0.162868 0.371886 -0.011878 -0.477059
0.012903 0.146926 0.136128 0.221910

0.073371 0.253093 0.440771 -0.004199
-0.126091 0.436170 -0.354142 0.061945
-0.277536 -0.386194 -0.271878 0.024510
0.283678 -0.244356 0.114319 -0.260034

0.033139 0.379447 0.469761 0.463992
0.059377 0.456989 -0.080080 0.184184
0.305574 0.024075 0.454678 -0.455822
0.041288 -0.130361 -0.236691 0.312639

0.271737 0.489265 -0.374419 0.475098
0.243568 -0.467926 0.470013 -0.435151
0.490711 -0.209049 -0.171801 0.469561
0.253476 -0.176701 -0.481644 -0.315564

0.161476 0.151471 -0.402313 0.157964
0.084963 0.242495 0.381187 0.392269
-0.321767 -0.252925 -0.477351 0.456116
0.053302 -0.334620 0.090417 -0.399114

0.189123 0.407811 0.434792 -0.421152
0.395414 -0.099941 0.460120 -0.261057
0.348223 -0.021757 -0.170586 -0.214780
0.481179 0.090373 -0.056874 0.370462

0.002035 0.107057 0.347463 0.113702
0.221370 -0.416206 0.355084 -0.493407
0.269123 0.002496 -0.268108 0.096042
0.181446 0.037319 -0.408035 0.109224

0.408062 0.279405 -0.426407 -0.084508
-0.415912 -0.072950 0.361751 -0.223630
-0.334114 0.138993 -0.299177 -0.137582
-0.313180 0.406192 -0.026847 0.088456

-0.003667 -0.030560 -0.102467 0.266802
-0.132985 -0.436220 -0.356955 -0.491031
0.087454 0.160438 0.425649 0.255351
-0.135127 0.398994 0.431389 -0.024574

0.107385 -0.214081 -0.409890 -0.007003
0.352394 -0.474071 0.004715 -0.057951
-0.157837 -0.394417 -0.006377 -0.006302
-0.092537 0.146184 0.013694 0.407394

-0.148191 0.297408 0.019668 0.175959
0.269823 -0.117637 -0.398145 -0.100380
-0.478304 0.478840 -0.174419 0.104364
-0.047384 0.399601 0.305321 0.188479

-0.189367 -0.145529 -0.115347 -0.311914
0.408885 0.217869 0.495492 0.023523
0.236705 -0.124661 0.027365 -0.481954
-0.109151 -0.201886 -0.135091 -0.491145

0.238803 -0.333976 0.186342 -0.392982
-0.000060 0.276564 -0.045824 0.276037
-0.040810 0.432438 0.237307 0.290328
-0.077993 0.302789 -0.414839 0.108092

0.021352 -0.436288 -0.382586 -0.366751
0.470919 -0.220526 0.463380 0.350758
0.243073 0.220011 0.129882 -0.465901
0.415317 0.040145 0.263516 -0.051191

-0.043933 0.127780 -0.470252 -0.179523
-0.070720 -0.184396 -0.469551 0.320961
-0.395530 -0.186269 0.208528 -0.222341
0.428896 -0.042857 0.003004 -0.133050

0.100904 0.234611 0.263144 -0.325400
0.389944 -0.378173 0.241276 0.185902
-0.092859 0.038419 0.135722 0.110008
0.017169 0.067923 0.042665 -0.436621

-0.037614 -0.431345 -0.493700 0.392896
0.422357 -0.112625 -0.414927 0.389494
0.063908 -0.027289 0.136357 -0.418220
-0.306581 0.448529 0.224179 -0.061341

-0.414588 0.134112 0.236207 0.060513
-0.389761 0.461980 -0.193149 -0.068343
0.139519 0.270844 0.173785 0.262770
-0.244284 0.488992 0.190819 0.206145

0.272303 -0.025626 -0.291026 -0.469348
-0.136295 0.153573 -0.486906 0.063684
0.026384 -0.352193 0.072899 0.200165
0.178119 -0.085877 -0.227996 -0.257606

-0.094259 -0.147860 -0.353693 0.488244
0.152506 0.056333 0.223593 -0.430765
-0.090828 0.299086 0.204899 -0.193753
-0.120797 0.498059 0.221587 -0.174963

0.480023 -0.054763 -0.082137 -0.004658
-0.348300 0.475433 0.098414 -0.490567
-0.190747 0.447057 -0.478069 -0.466454
-0.258764 -0.036075 -0.483561 0.464257

0.172746 -0.243276 0.352998 -0.278345
0.469441 -0.442424 0.176323 0.182718
0.077785 0.377768 -0.440002 0.487164
-0.256894 -0.169880 0.311099 -0.294417

-0.215201 0.347304 0.387247 -0.466538
0.108836 0.348837 0.392103 -0.234315
0.062564 -0.002195 -0.001441 0.310314
0.357581 -0.474696 -0.354409 0.221375

-0.357594 -0.057532 0.034139 0.240980
-0.420093 -0.260324 -0.270732 0.127531
-0.039693 -0.422737 0.242946 -0.249993
0.136105 0.010826 -0.171822 0.134698

0.083672 -0.000346 -0.465939 0.290593
0.039368 0.044386 -0.348776 0.243137
-0.155528 0.444489 0.071359 0.112384
-0.413061 -0.016677 0.270905 0.252609

-0.328429 0.180810 0.027960 -0.413963
0.221849 -0.276169 -0.485730 -0.489193
0.147741 -0.484191 0.281813 0.368450
0.478114 -0.263177 0.247041 0.398135

-0.313340 0.004830 -0.347006 -0.080877
0.076603 0.008071 -0.327944 -0.386479
0.336688 -0.284979 0.120149 -0.224527
-0.354839 -0.410624 0.151701 -0.342931

-0.492909 0.353023 -0.233347 -0.226545
0.479891 -0.280371 -0.439265 -0.194300
0.315444 0.116567 -0.163129 -0.275734
0.111540 -0.037792 -0.239452 -0.008159

-0.288976 -0.290834 0.304734 0.403346
0.044857 -0.141814 0.473465 0.052965
-0.256676 -0.238404 -0.182345 0.454528
-0.225657 0.392433 0.015810 0.329838

0.232508 0.390276 0.496381 -0.349601
0.058290 0.207220 -0.250749 -0.369336
-0.379907 0.082064 0.089561 -0.018203
-0.095664 -0.410346 -0.207321 0.274451

0.488415 0.227917 -0.343765 -0.073562
-0.053362 -0.498105 0.356761 -0.059528
-0.271187 -0.190835 0.282433 -0.374666
0.474659 0.443059 0.465183 0.021304

0.028819 -0.104311 0.363975 -0.281663
0.469745 0.350867 0.360965 0.096336
-0.304725 0.190668 -0.198846 -0.035021
0.098091 0.150995 -0.031171 -0.021232

-0.278625 0.069240 -0.270193 0.326984
-0.478408 0.056595 -0.388694 0.190487
-0.154941 -0.467795 -0.135421 0.225602
0.226627 0.068676 -0.266212 -0.263233

-0.120345 -0.299995 -0.106684 0.474808
0.088991 0.254361 0.171372 0.161208
0.324351 0.484261 -0.011936 -0.461651
0.447739 0.144803 0.216792 -0.036231

-0.164755 0.045726 0.328713 -0.470560
-0.142796 -0.297206 0.392163 0.348813
-0.380453 0.169206 0.314556 -0.498867
0.407640 0.421435 -0.110705 0.025335

-0.336556 0.451012 -0.324778 -0.245736
-0.048329 0.359492 -0.482231 -0.476815
0.365389 0.129518 -0.335999 -0.234308
0.258067 -0.455297 0.040973 0.053911

-0.258134 -0.140255 0.328850 -0.397964
-0.070028 -0.429935 -0.207806 0.424006
0.246876 0.330477 0.002160 -0.088731
-0.220957 0.102935 -0.268704 -0.474276

0.086373 0.102230 -0.107467 -0.414267
-0.423679 -0.261311 0.457839 0.034658
0.282420 0.031951 -0.474260 0.042546
0.133082 -0.058340 0.175425 0.430139

-0.402467 0.251907 0.396674 0.063772
-0.080676 -0.047698 -0.349154 0.480167
-0.378624 0.113329 -0.224750 -0.319823
0.495278 0.381975 0.047276 -0.309472

-0.378587 -0.389796 0.137762 -0.053234
0.084619 -0.310244 0.204254 -0.278734
-0.114924 0.029700 0.491560 0.419104
-0.420075 -0.356233 -0.296033 -0.371261

0.269343 0.484410 -0.333909 -0.378878
0.120464 0.075456 -0.297439 0.190134
0.063868 -0.029002 -0.172078 0.145973
-0.006054 0.279210 0.222233 0.020751

0.464289 0.427133 0.408379 0.396475
-0.437148 -0.451971 -0.232969 0.146041
-0.275937 0.309853 0.209846 0.475464
-0.346067 0.124226 -0.249574 0.203062

-0.139240 0.198486 -0.106803 0.133630
-0.417359 0.347446 0.366497 0.432816
-0.036073 0.011740 0.137417 0.250909
0.371268 0.267366 -0.020614 0.190673

0.050739 0.479772 0.072773 0.488479
0.434127 -0.288595 0.038735 -0.456107
0.171525 0.132291 -0.352860 -0.477489
0.266937 0.414463 0.464567 -0.064227

0.157669 -0.104830 -0.089366 0.054463
0.222322 0.201801 0.217994 -0.205416
0.196396 0.438991 -0.128633 -0.294645
-0.289069 0.371065 0.112495 0.004303

0.051526 -0.036192 0.460735 0.217664
-0.034026 0.087748 -0.041349 0.241732
-0.074791 0.202746 -0.301281 -0.482299
-0.041968 0.079640 0.305059 0.369638

0.246554 -0.010676 -0.141381 -0.088327
-0.205153 0.062606 -0.412329 0.394022
0.452514 -0.231151 -0.265274 -0.023692
0.274868 0.458451 0.264516 -0.415853

-0.066493 -0.053850 -0.458184 -0.431188
-0.324541 -0.247002 0.128368 0.267194
0.214509 0.257623 -0.303853 -0.453747
0.407456 0.092672 -0.031215 0.155722

0.127747 -0.245246 0.295253 0.098366
0.342341 0.496445 -0.494736 -0.161908
0.062415 -0.207348 0.232703 -0.030707
-0.160676 0.465392 0.054698 0.166809

0.133622 -0.158124 0.115681 -0.404947
-0.244029 -0.456634 -0.136441 -0.305961
0.361598 -0.279979 0.384380 -0.153848
0.321191 0.221068 -0.438864 -0.008194

0.482795 -0.410756 -0.340901 -0.266704
0.093224 -0.064449 0.302017 -0.278144
-0.458400 0.021878 -0.093640 0.332330
-0.332422 -0.277405 0.340279 -0.232944

0.090309 0.125371 -0.271966 0.132493
0.103065 0.173097 0.052378 -0.396794
-0.096239 -0.055939 -0.054638 -0.292848
0.363794 -0.107659 0.034240 -0.221840

-0.200024 -0.107980 -0.083445 -0.211419
0.333256 0.484424 -0.073716 0.029251
0.055325 0.332540 0.236481 -0.320209
0.075604 0.248277 0.066137 -0.023617

0.074552 0.336161 -0.425198 -0.146740
-0.435798 -0.488261 0.428909 0.332213
0.284360 -0.004218 0.277687 0.442088
0.490184 -0.322301 0.161750 0.360842

0.314813 0.052846 0.003652 -0.230887
-0.445691 -0.091515 -0.215821 -0.256594
-0.204371 -0.031709 -0.351487 0.385680
-0.349528 -0.135534 0.357933 0.086350

0.494168 0.433830 -0.138928 -0.373017
-0.112376 -0.251908 -0.469199 0.190429
-0.207580 -0.186001 -0.426201 0.292055
-0.471728 -0.105294 0.009132 -0.293402

-0.346135 0.302648 0.416640 -0.484785
-0.197597 -0.313016 -0.395608 0.001304
-0.315085 0.425473 -0.491378 0.424311
0.472835 0.279746 -0.314593 -0.124135

0.420745 -0.447241 0.444852 -0.183906
0.129336 0.407613 0.059656 -0.332427
-0.139335 -0.292048 -0.224776 0.146181
-0.013339 -0.069921 -0.447245 -0.382325

-0.185890 0.018551 0.229379 -0.315293
0.069974 0.337824 0.066491 -0.263849
0.118418 -0.441715 0.163783 -0.235537
0.289182 -0.079853 0.116222 -0.366573

