-0.496384 -0.082558 0.149833 0.060178
-0.425995 0.264500 0.052149 -0.081561
0.256325 -0.055079 -0.121510 0.414266
0.457073 -0.082790 0.277160 0.379250

0.137777 0.290643 -0.234954 -0.066440
-0.477999 -0.200926 0.006954 -0.304349
0.491987 -0.147257 0.362003 -0.110775
0.257979 0.040195 0.395646 -0.454719

0.342716 -0.197026 -0.035891 0.458894
0.197014 -0.428814 0.296803 0.118923
0.123728 0.104156 0.480041 0.461973
-0.368412 -0.488565 -0.247513 0.329567

0.393323 -0.001581 0.043474 -0.157500
-0.353495 -0.005759 0.074182 -0.308932
-0.084831 0.081188 -0.199796 0.171975
-0.250229 -0.400694 -0.499467 -0.421850

0.270839 0.163801 0.095373 0.021792
0.167868 0.261915 -0.024060 0.326338
0.003251 0.478903 -0.006524 -0.135823
-0.445836 -0.420589 -0.010626 0.396799

0.310553 -0.196329 0.294791 0.427863
-0.094596 0.414873 0.114790 -0.224821
0.176704 0.145003 -0.216894 -0.253445
-0.334526 0.481203 -0.430656 -0.495181

-0.334383 0.235225 0.055450 0.124741
-0.111018 -0.237432 0.417201 -0.015072
-0.229591 -0.344007 -0.119992 0.036930
0.101393 0.392476 -0.149755 -0.365762

-0.051677 0.105246 0.119592 -0.398096
-0.194407 -0.089800 -0.009777 0.494992
0.143513 0.428115 0.240983 0.435656
0.174981 -0.366205 0.172291 -0.074571

-0.174363 -0.123552 -0.157158 -0.349459
-0.387145 0.424938 0.381192 0.227244
-0.345570 -0.088543 0.048034 0.438134
-0.443046 0.364041 -0.288596 0.380938

-0.166897 -0.074037 -0.000080 -0.137172
0.113961 0.105660 0.420534 -0.323974
-0.299269 -0.044750 0.316685 0.480491
0.404220 -0.023012 0.034071 -0.362315

-0.236614 -0.117945 0.438320 0.451991
0.023597 0.475442 0.424948 0.473182
-0.360304 0.462610 -0.337745 0.253539
-0.320445 0.083077 -0.066000 0.273672

-0.301841 0.179350 -0.051699 0.495462
-0.225870 -0.079347 0.294279 0.183239
-0.470775 0.166971 0.121730 0.259801
0.113853 0.101187 0.354723 0.394828

-0.253451 -0.124895 -0.284123 -0.138441
-0.425046 -0.065728 -0.218394 0.454277
-0.085044 0.057961 -0.114078 0.487300
-0.172961 0.094933 0.145749 -0.151420

-0.414572 0.337576 -0.242264 -0.131537
-0.175965 0.374777 -0.444318 0.496517
0.463245 0.285558 0.087263 0.050542
0.056698 0.109367 -0.047492 0.155515

-0.186077 -0.230176 -0.016484 -0.347588
0.305129 0.320902 -0.385733 -0.256875
-0.366641 0.418680 -0.243118 -0.430214
-0.453795 -0.203721 0.107624 0.352208

0.137916 0.014833 0.105704 -0.137899
0.062344 0.266308 -0.372566 0.202929
0.426147 0.224958 0.234097 -0.299262
-0.097185 -0.116432 0.146405 -0.142669

-0.109941 0.341240 -0.392550 -0.239486
0.012940 0.222772 -0.365175 -0.207838
0.454120 0.110696 -0.244376 0.025827
0.378202 0.455283 0.172324 -0.180132

-0.370186 -0.147601 0.232172 -0.328337
-0.450335 -0.227657 0.118112 0.007443
0.388718 -0.313006 -0.098261 -0.092856
0.395602 0.264022 0.140905 0.264070

0.096384 -0.340976 -0.182069 -0.142415
-0.165230 -0.106902 -0.023044 0.236243
-0.366691 0.375935 -0.072730 0.131596
0.290326 0.144740 0.488675 -0.264542

0.489397 0.377282 0.464064 -0.388602
0.433754 -0.289581 -0.021464 -0.287466
-0.118364 0.425269 -0.095215 0.220420
-0.235889 0.451406 0.436218 0.474180

-0.275542 -0.099722 -0.340988 -0.478825
0.070925 0.147474 0.125050 0.399556
-0.454349 -0.161131 -0.087092 -0.453808
0.178351 0.320985 -0.284507 0.244465

-0.452128 0.136141 0.346518 0.211492
0.176423 0.431920 -0.244391 -0.084426
-0.292587 0.067474 -0.310658 0.279811
-0.221430 0.323009 0.156672 0.390819

-0.245091 -0.325507 0.273526 -0.459703
0.264187 -0.322497 0.134649 0.388944
-0.059706 -0.406102 -0.174706 -0.217506
-0.331224 -0.478530 -0.197333 -0.280610

0.379144 -0.456731 0.417999 -0.384673
0.107660 -0.213160 -0.286660 0.220751
0.403899 -0.200551 -0.013443 -0.427381
0.450414 0.350066 -0.088389 0.483182

0.012241 0.282600 0.190072 -0.470432
-0.341517 -0.345283 -0.335403 0.186872
0.381952 -0.066557 0.304214 0.260117
0.307355 0.440204 0.304875 0.328794

0.051175 0.304377 -0.492029 -0.243389
0.469561 0.265951 -0.433520 0.168571
-0.118468 0.086461 -0.141384 -0.056184
-0.122504 -0.494705 -0.423475 -0.073963

0.498307 0.038025 0.450578 -0.156437
-0.372098 0.413115 0.221568 0.019930
-0.257490 -0.493747 -0.058983 0.456937
-0.098528 0.000582 0.261503 -0.401525

-0.370266 -0.233881 0.265634 0.408654
-0.328042 -0.376620 -0.413885 0.437555
0.205024 0.148394 0.359000 -0.210500
0.457253 0.252638 -0.071338 0.178549

-0.321309 0.168563 0.111814 0.289202
-0.373840 0.268186 0.410607 -0.412684
-0.380558 -0.426272 0.322022 -0.166305
-0.054178 0.222140 0.471651 -0.349567

0.424200 0.026349 0.023642 0.395059
-0.121305 0.238427 -0.376671 -0.161116
0.458715 -0.012911 -0.077605 -0.479146
0.355602 -0.321472 -0.201093 0.279143

-0.096671 0.055131 -0.270949 -0.178585
-0.490886 -0.323630 -0.163980 -0.463949
0.057378 -0.314248 -0.446266 0.267422
0.007063 -0.097936 -0.043156 -0.284704

-0.381216 -0.242919 -0.356196 0.085184
-0.434556 0.136279 -0.117139 -0.090811
0.216724 0.374939 0.320307 0.431020
-0.164523 0.241814 0.331091 -0.401382

-0.249365 0.327308 0.330988 -0.400075
0.405605 -0.038699 -0.417898 -0.055491
-0.221493 -0.341224 0.365315 0.116856
-0.152049 0.397517 0.238498 0.157683

0.211611 0.490328 0.000698 0.105910
0.138904 -0.298021 -0.321110 -0.067658
0.064296 0.489948 0.050335 0.150238
0.249640 0.148065 0.024845 0.351867

-0.079441 -0.221150 -0.230086 -0.356389
0.151845 0.180355 0.219754 0.365332
-0.273396 0.396936 0.243461 -0.483351
0.414974 -0.090572 -0.454740 0.348385

0.153137 0.247792 0.176903 -0.003302
0.493575 0.346480 0.045227 0.137806
0.477393 0.405066 0.289829 -0.389047
0.499261 -0.269637 0.239102 0.387564

0.131712 0.057267 0.084909 0.006500
0.072230 -0.415966 -0.104435 -0.173336
0.062475 0.218012 0.039387 0.148928
-0.102987 -0.465467 -0.408865 -0.040097

0.423206 -0.382560 0.032992 0.339662
0.160984 -0.067379 0.402643 -0.199369
-0.101324 -0.278716 -0.298938 -0.129888
-0.279378 -0.004244 0.333378 -0.400530

-0.176718 0.332863 -0.109517 -0.149632
-0.358110 -0.014914 -0.201626 -0.334251
-0.447184 0.048730 -0.332561 -0.393571
-0.081202 0.137814 -0.404611 -0.299041

-0.469497 0.160904 -0.378984 0.318946
0.007231 -0.428008 -0.399643 0.171802
0.419777 -0.065419 -0.393279 0.287228
0.362802 0.066675 -0.457190 -0.193675

0.087203 -0.035370 0.257148 -0.177176
0.093007 -0.194221 0.280933 -0.358752
0.208746 0.092361 -0.401888 -0.062489
0.484092 -0.117280 -0.307743 -0.461466

-0.040811 0.356324 -0.180822 0.073411
0.373496 -0.392274 -0.016268 -0.451617
0.385815 0.432163 -0.189324 -0.068937
-0.221394 0.244760 -0.143083 0.097320

-0.015514 -0.188113 0.243075 0.124548
0.405923 -0.004145 0.371448 0.333382
-0.426593 0.422345 -0.003999 -0.407907
0.209807 0.052833 -0.427686 0.132986

-0.484483 -0.044211 -0.060859 -0.262118
-0.025710 -0.098640 0.206751 0.374024
-0.387433 0.171032 0.105827 0.272989
-0.009983 0.436459 0.167406 0.436257

-0.126644 -0.486348 -0.470997 -0.185750
0.089836 -0.034844 0.075755 0.009936
-0.108740 0.124507 -0.182642 0.099220
0.478875 -0.447595 0.229126 0.199049

0.434271 0.073675 -0.438275 -0.204617
0.399324 -0.152960 -0.325639 0.484793
0.107035 0.423517 0.136031 -0.366392
-0.372751 -0.004667 -0.405751 0.062030

-0.384712 0.014702 0.085495 -0.366077
-0.028260 -0.181023 0.461310 0.303028
0.165478 0.338697 -0.462745 -0.311542
-0.114668 0.362172 -0.076785 0.037476

0.394861 0.065241 0.093572 -0.486106
0.131372 -0.144898 0.445576 -0.128266
-0.214357 -0.339190 -0.258410 -0.025343
0.384602 -0.304970 0.009452 -0.227543

0.137466 -0.318466 0.173759 0.323626
-0.049228 0.114542 -0.210844 0.461957
0.157618 0.172910 0.334038 0.394130
-0.159651 0.257978 -0.434154 0.184393

0.169998 0.040179 0.289505 -0.118850
0.029395 0.312589 -0.308424 -0.469852
-0.479726 -0.190412 -0.459028 -0.011489
-0.135087 -0.031868 -0.185617 -0.016230

0.380170 0.064815 0.090562 0.464216
-0.365481 0.152782 -0.417050 0.453548
-0.471201 0.027947 0.361783 0.208189
0.186874 0.138204 0.296442 -0.283415

0.246605 0.084659 0.494314 0.372043
-0.216139 -0.445048 0.226922 0.367808
-0.109994 -0.420246 0.429858 0.338433
-0.244168 0.017614 0.470191 0.491154

-0.052317 0.473307 0.472091 -0.001024
0.100641 0.157879 0.020976 0.174100
0.002417 0.496258 -0.032848 0.218651
-0.032632 0.047486 0.457819 -0.058532

-0.462949 0.087006 0.047755 0.131578
-0.421202 0.338062 0.339332 0.192945
0.487031 -0.004617 0.359241 -0.442413
-0.226748 0.404876 -0.220883 -0.270669

0.164560 -0.351375 -0.436204 -0.234903
-0.385115 -0.189061 -0.432274 0.009062
0.330236 -0.272828 0.013066 0.339444
0.192632 -0.171879 0.361215 0.381890

-0.007162 0.445100 -0.459619 -0.025517
-0.016043 -0.172824 0.298132 -0.324054
-0.047287 -0.085584 -0.279599 -0.214125
0.443491 0.253072 -0.120081 -0.223420

-0.481117 0.235461 0.189151 0.183153
0.341894 -0.323339 -0.436679 -0.183252
0.226705 -0.386061 0.275088 -0.307810
0.370986 -0.293690 0.038132 0.488999

0.316927 -0.289039 0.358263 -0.136052
-0.167137 -0.127377 -0.429954 0.465349
0.377502 0.356164 -0.147692 0.394169
-0.099063 0.303770 -0.322707 -0.354010

-0.180728 -0.229622 -0.265568 0.193677
0.190477 -0.188243 0.011821 -0.092437
0.316014 -0.329413 0.059307 0.264259
-0.193710 -0.443386 0.144245 -0.268495

0.016830 0.162921 -0.273229 0.471758
-0.240585 -0.317505 -0.385174 0.200561
-0.273992 -0.174100 -0.270705 0.201281
0.439896 0.307999 0.265176 -0.295547

0.198450 -0.114815 0.105834 0.007425
-0.279236 0.324907 -0.264904 0.233396
0.491599 -0.133936 0.248398 -0.051182
0.485863 -0.482847 -0.420404 0.449459

0.043490 -0.339048 -0.179450 -0.241305
0.213571 0.263753 -0.171017 0.153565
-0.095419 0.452883 -0.036231 -0.255220
0.086872 0.324270 0.480873 -0.046710

-0.154051 -0.199572 -0.138053 0.203068
0.319401 -0.360582 -0.419210 -0.193749
0.346021 -0.378945 -0.270185 -0.153179
-0.287757 0.053295 0.214184 -0.057982

-0.167964 0.123311 -0.381398 0.019134
-0.234312 -0.317857 -0.430001 -0.306393
0.185703 -0.137382 0.197634 0.474146
0.258904 -0.144563 -0.446649 0.144805

-0.119358 -0.365728 -0.193496 -0.410943
0.335338 0.412844 -0.280901 -0.175975
-0.413291 0.148751 -0.204725 0.400480
-0.442512 0.140194 -0.493675 0.309683

0.465985 -0.311415 0.352591 -0.004890
0.361349 0.011291 -0.265724 0.284941
0.177068 0.476189 0.002606 0.207721
0.376217 0.365742 -0.452351 -0.308045

-0.412053 0.067400 -0.388563 0.465346
-0.357054 0.455643 0.366362 -0.207260
0.118008 -0.499084 -0.220103 -0.253034
0.187109 -0.494493 -0.118616 -0.348384

0.470092 0.135117 0.494468 0.448045
-0.463071 0.086877 -0.232887 -0.430115
0.434957 0.418002 -0.221635 0.065130
-0.044609 -0.480132 0.446147 0.065596

0.291830 0.211679 -0.403590 -0.428499
-0.134140 -0.040609 -0.468244 0.413017
0.352092 -0.048629 0.064378 0.298655
0.212953 -0.217172 -0.262218 0.492537

0.119358 0.376848 -0.319368 -0.262495
-0.409652 0.142656 -0.097641 0.157930
0.133074 -0.284140 0.257809 -0.092466
0.107441 0.088043 0.356878 -0.168919

-0.309060 -0.404109 -0.202360 -0.489946
0.168338 0.033233 -0.248321 0.344867
-0.319948 -0.449040 0.185033 0.017562
0.419358 -0.005118 0.279594 0.281504

-0.387048 -0.124644 -0.083846 0.384590
0.371689 -0.211536 0.367563 -0.215780
-0.152000 -0.063696 -0.013715 0.329177
-0.477386 -0.062786 -0.101575 0.360977

0.312395 -0.293511 -0.090650 -0.280775
-0.402396 0.275052 -0.214365 -0.416435
0.015338 0.261242 -0.186269 0.181329
0.442479 0.352222 0.488672 0.077317

0.299187 0.259781 0.193873 0.136120
-0.406910 0.257495 -0.312167 -0.337734
0.372637 -0.050641 -0.187106 -0.409827
-0.345894 0.012401 -0.228333 -0.337462

-0.049542 0.294475 0.485692 -0.396481
0.033732 0.138211 0.093804 0.034933
0.334420 -0.247585 0.350851 -0.151209
0.312135 0.053751 0.299840 -0.068592

-0.011735 0.065569 -0.436819 0.084920
0.100893 -0.128350 -0.190719 0.123949
-0.424437 0.248685 -0.103436 0.356865
0.025708 0.351784 -0.418902 0.350066

0.496845 -0.150015 0.446490 -0.358985
-0.079344 -0.233719 -0.398305 0.345297
-0.450290 -0.479692 0.410769 -0.106150
0.203018 -0.018094 0.217598 0.493311

0.429922 0.089091 0.446451 0.353547
0.110961 -0.111165 0.317796 0.266781
-0.352084 0.003880 -0.083419 0.193422
-0.407892 -0.048934 -0.082255 -0.268258

0.139107 0.078880 0.388958 -0.114900
-0.283376 -0.217339 -0.122223 0.128038
-0.422466 -0.207196 0.371225 -0.169945
0.239802 0.304110 -0.469650 0.008531

0.007777 0.431208 0.282342 0.110635
0.437399 -0.139447 -0.108411 -0.310540
-0.252966 -0.450407 -0.094869 0.022831
0.134796 -0.148833 -0.365650 -0.187014

0.291170 -0.095029 0.179582 -0.263352
-0.312668 -0.141616 -0.329126 -0.065512
-0.305776 0.207999 -0.351236 0.380970
0.347612 0.352018 0.256849 0.488266

0.146048 -0.360917 -0.216762 -0.238832
-0.059865 -0.194877 0.439228 0.124953
0.399047 0.193153 0.247517 0.150665
-0.248775 -0.496533 0.479493 -0.427250

0.419756 0.314111 0.440724 -0.282361
0.463896 -0.378495 -0.119977 -0.070279
0.355422 0.435685 0.088925 -0.446978
-0.052343 -0.182953 -0.006803 -0.484799

0.137560 0.186486 0.056466 0.299910
-0.240033 0.326266 -0.161859 0.124540
-0.193549 -0.218005 -0.228603 0.022569
-0.235233 -0.070387 0.188868 -0.442959

0.448786 0.272130 -0.446293 -0.357625
0.221330 -0.093664 0.331297 0.192101
-0.273454 0.176979 0.414989 0.246784
0.219563 0.438662 -0.318335 0.460477

0.118569 0.382577 0.360999 0.332144
0.194225 -0.468505 -0.276153 0.489992
0.342011 -0.243540 -0.345472 -0.245121
0.422233 -0.290041 -0.299136 0.413102

-0.271347 -0.392408 0.363519 -0.220812
0.488486 0.284513 0.479260 0.152456
0.201942 -0.072538 0.350196 -0.242767
-0.457864 -0.151159 0.416525 -0.324024

0.400438 0.201971 0.279408 -0.231688
-0.173193 0.368964 0.435407 -0.383372
-0.027199 -0.362476 -0.397970 0.260715
0.246062 0.344859 0.319568 0.015140

-0.027953 0.416341 0.217086 -0.194153
0.228581 -0.113461 0.121237 -0.119702
0.387274 0.424993 -0.037312 -0.193747
-0.270527 -0.042799 0.149460 -0.212474

-0.012586 0.160677 0.161758 -0.154067
-0.121808 0.105342 0.496864 0.289048
0.100146 -0.044175 0.394874 -0.458066
-0.290487 0.162017 0.154275 -0.296292

0.418614 -0.471365 -0.110767 -0.151085
0.078705 -0.499185 -0.493222 0.147339
0.159473 0.495072 0.048452 -0.330280
-0.248224 -0.185980 -0.147682 -0.433497

0.091235 0.058017 0.068896 -0.413783
0.032251 -0.431927 0.193465 -0.499682
-0.106021 0.175599 0.251831 -0.496410
-0.044441 -0.178998 0.067350 -0.313906

-0.363503 0.239651 -0.398720 -0.041066
-0.242831 0.484904 0.330745 -0.427526
-0.469334 0.203050 -0.302032 0.091118
0.312103 -0.023838 0.475044 -0.494607

0.495223 -0.089880 0.039448 0.418700
0.169484 0.304759 0.222929 -0.349477
0.046362 0.369638 0.283156 0.481630
0.192054 -0.230192 0.461178 -0.429376

-0.039912 0.362300 0.236244 -0.197433
0.066977 0.264191 0.388164 -0.225752
-0.060603 0.065248 0.040336 0.348948
-0.104654 -0.205164 -0.368955 -0.320425

0.467042 -0.469868 -0.424989 0.421787
0.263346 0.286271 0.043974 -0.320242
0.201857 -0.495216 0.355190 0.418942
-0.286958 -0.073453 -0.078180 0.448105

-0.403659 0.174557 -0.079834 0.262838
-0.286474 0.230711 -0.126511 0.001852
0.472549 -0.073325 0.410111 -0.339681
-0.075675 0.144997 -0.323044 0.291103

0.313073 -0.084078 -0.360465 -0.075827
-0.245107 -0.432074 0.042334 -0.442959
-0.344335 -0.292590 -0.357083 0.165413
-0.466914 -0.400092 -0.051860 -0.425733

0.272330 -0.361608 -0.381697 -0.156525
0.348166 0.136918 0.341945 0.456607
0.164575 -0.414647 -0.372263 0.011181
0.024381 -0.118596 0.219687 -0.455470

-0.376743 0.055300 0.222064 -0.303733
-0.083871 -0.015758 -0.249639 -0.097552
-0.210615 -0.447940 0.287214 -0.147710
-0.298102 0.109780 0.006582 0.267150

