100
0.024355644 0.005791513 -0.039007664 -0.0510121
0.024972469 0.0059256484 -0.03945315 -0.052127153
0.025212431 0.005973022 -0.039244276 -0.05153381
0.024823645 0.005852983 -0.039214857 -0.05139885
0.02510372 0.005969442 -0.039227117 -0.051478177

-0.019560369 0.040375516 0.011641355 0.028028699
-0.020247022 0.04181849 0.012644063 0.029702295
-0.019644747 0.04150101 0.012241482 0.029725624
-0.01995687 0.038712744 0.010732258 0.02490083
-0.020719778 0.040351547 0.0119835455 0.026914358

-0.02323362 -0.0045398143 -0.021585178 0.022976011
-0.023033453 -0.0041565234 -0.02101755 0.023867894
-0.023728447 -0.004932671 -0.022428796 0.021918688
-0.02320322 -0.0045840316 -0.02153059 0.022047898
-0.024471091 -0.0053245556 -0.02352198 0.021553326

-0.00016813645 0.019647826 0.0050045634 0.07883262
0.0019144752 0.018566715 0.004349638 0.07693103
0.00065610843 0.020828262 0.0034802884 0.0791328
0.00012414122 0.021561332 0.0035681333 0.07921621
0.0016325421 0.01966756 0.0035372225 0.078150116

-0.01632401 0.020730715 -0.025181355 0.05954085
-0.016943362 0.021036321 -0.02635129 0.06192186
-0.017059587 0.020940674 -0.026291093 0.061844118
-0.016698813 0.02072601 -0.026013426 0.06095241
-0.01695309 0.020898284 -0.026216213 0.06164066

-0.021365814 0.02826119 -0.009657048 0.036573596
-0.017838031 0.025734056 -0.010746288 0.031059818
-0.018099057 0.026658973 -0.0111242365 0.031705286
-0.020859862 0.029869827 -0.010867562 0.036490746
-0.02056428 0.028964398 -0.010835835 0.035671465

-0.012661122 0.011032253 -0.031094538 -0.023255708
-0.015389041 0.009455248 -0.030593833 -0.023744136
-0.011540897 0.016828224 -0.03256344 -0.027624512
-0.0143071795 0.008678457 -0.03038247 -0.023096543
-0.012261787 0.01145059 -0.031118369 -0.024495952

0.055163953 -0.03459788 -0.020831546 -0.037090648
0.056916248 -0.03722917 -0.022357509 -0.03553158
0.05692529 -0.037012942 -0.022090072 -0.03572077
0.05512412 -0.035428535 -0.020890843 -0.035847556
0.054426376 -0.034556102 -0.020102711 -0.03627782

-0.0140248975 -0.011221851 0.014251042 0.024673305
-0.014230341 -0.0074104755 0.014143336 0.028460443
-0.014003159 -0.010869765 0.013513626 0.024903568
-0.014168401 -0.00894362 0.01425555 0.026799025
-0.013944496 -0.012229786 0.013472489 0.023242872

0.032952774 0.07236696 0.031307727 -0.013953366
0.03307518 0.07250177 0.031086441 -0.013961221
0.03426195 0.07439219 0.026509259 -0.010391776
0.03375008 0.0721047 0.031968836 -0.015270086
0.033826146 0.073140495 0.029977942 -0.013311414

-0.03407855 -0.014368493 -0.016151853 -0.022248145
-0.040588416 -0.020783044 -0.012155007 -0.021829395
-0.041655976 -0.021984754 -0.011448236 -0.021692518
-0.041836154 -0.022229427 -0.011710947 -0.021877065
-0.030192528 -0.009953617 -0.017896127 -0.022284754

-0.010517344 -0.032783132 0.026186887 -0.13119167
-0.01071817 -0.033425037 0.025717305 -0.13107121
-0.009870023 -0.0309589 0.0275408 -0.13137253
-0.010736427 -0.033402734 0.025734683 -0.13118422
-0.010291284 -0.03219121 0.026617626 -0.13110198

-0.04944403 0.0106846895 0.032481883 0.00044475723
-0.04971697 0.011527985 0.033148143 0.00086540345
-0.04962359 0.011434104 0.033042043 0.0008636543
-0.04958073 0.011364116 0.032978278 0.0008488351
-0.049463626 0.011813995 0.033166103 0.0010565476

0.080576345 0.012882283 -0.05504188 -0.010297074
0.0806172 0.004359351 -0.055134043 -0.01249093
0.082116045 0.006621209 -0.05548247 -0.012088845
0.07980987 0.015554315 -0.054776512 -0.009518189
0.0800671 0.01965556 -0.054818984 -0.008502762

0.010289381 -0.0009930488 0.024675287 -0.0104329595
0.008789018 0.00024577446 0.025093185 -0.011053025
0.007430623 2.5438392e-05 0.02321845 -0.0107671525
0.0068809874 0.0004101159 0.022934455 -0.011021357
0.007348782 0.00025097138 0.023736723 -0.010744077

0.024379134 -0.024896106 0.062156104 -0.002233574
0.025680596 -0.025357062 0.0653293 -0.002598163
0.02493854 -0.025400016 0.06349449 -0.0019880151
0.02485661 -0.023824595 0.06357637 -0.003467413
0.023927934 -0.02387637 0.061293766 -0.0026783368

0.096171476 0.08804381 0.063752554 0.064738676
0.09952611 0.09091391 0.064824134 0.065444514
0.09390393 0.086656764 0.06346326 0.061678726
0.095780104 0.08750753 0.064147025 0.06615803
0.10254254 0.09301054 0.06555553 0.06834888

0.02741361 0.023115268 0.047452386 -0.002494028
0.027639288 0.023296304 0.04723647 -0.002285702
0.028275184 0.023788534 0.047663618 -0.0028509162
0.028856535 0.024196377 0.047427226 -0.0030475757
0.028404241 0.02337129 0.046832304 -0.0024468224

-0.047546603 -0.0070601082 0.013143423 0.071855284
-0.050532624 -0.0069362647 0.020275343 0.06768617
-0.049720265 -0.0071413903 0.015333694 0.07320677
-0.050087072 -0.007979377 0.01320999 0.078155
-0.0532171 -0.0070839077 0.018985856 0.07495786

-0.045567077 -0.03481835 0.006149862 0.09251815
-0.047319815 -0.03719012 0.007714767 0.096822605
-0.04786649 -0.036711734 0.00707012 0.10017616
-0.047085598 -0.035222445 0.00602579 0.096987076
-0.04503756 -0.035017952 0.0064117904 0.09647322

0.01916936 -0.018730678 -0.023327174 0.042832386
0.01891053 -0.018351845 -0.023837958 0.04346042
0.018960143 -0.018478787 -0.023684952 0.043213233
0.018929144 -0.018419152 -0.023747755 0.043305818
0.01850184 -0.017854162 -0.024686666 0.04439513

0.06187157 -0.024330886 0.04368042 0.04312063
0.06082604 -0.023833662 0.04335625 0.041869618
0.061283424 -0.023982873 0.043200027 0.04268012
0.06103143 -0.024459692 0.04311121 0.042037036
0.061211076 -0.024315812 0.043232236 0.042356115

-0.029198188 0.012118521 -0.016939444 -0.033960346
-0.02800531 0.012456166 -0.016800877 -0.032870658
-0.02801015 0.012175224 -0.016992662 -0.03315875
-0.02819967 0.011646757 -0.016323099 -0.032772716
-0.028559547 0.012215228 -0.017246805 -0.03373742

0.027234817 -0.059973016 0.019790843 0.0053932765
0.027272804 -0.05983741 0.019751027 0.0047888705
0.027156863 -0.05961372 0.020071166 0.0056845904
0.02729529 -0.059383046 0.02039264 0.005960552
0.026890744 -0.05990864 0.019327113 0.0042592445

-0.0076461323 -0.022765081 0.01254618 0.06871162
-0.0060069812 -0.024482895 0.012227686 0.07049344
-0.007708898 -0.022186192 0.011573104 0.06834566
-0.0065664267 -0.024053086 0.012681452 0.069904275
-0.006110542 -0.024072513 0.011518835 0.07076439

-0.087957755 -0.0018986495 -0.03448009 -0.043035373
-0.08746084 -0.0041186716 -0.034360476 -0.04332859
-0.08802385 -0.0027228124 -0.034477636 -0.04344256
-0.08774546 -0.0036502432 -0.034348473 -0.043072402
-0.08769426 -0.004032607 -0.03430358 -0.043079853

-0.0005758 -0.087040894 0.061212502 -0.056986164
-0.0023794046 -0.08848611 0.06149856 -0.056879856
-0.0035464384 -0.087041296 0.061652638 -0.056907613
-0.0032985886 -0.08551577 0.06288711 -0.055420946
-0.00433334 -0.08595112 0.06294177 -0.056136973

0.0034984646 -0.042902272 0.029007126 -0.016308757
0.003620875 -0.04245201 0.028835129 -0.01651605
0.00038135127 -0.049686063 0.032782976 -0.017094545
0.004115396 -0.042424582 0.028858615 -0.016795108
0.0015544253 -0.047724087 0.031826682 -0.017594485

-0.011819813 -0.073821306 -0.022514408 -0.033065446
-0.011519734 -0.072789535 -0.022904385 -0.031944588
-0.012160039 -0.07352199 -0.022052493 -0.03264706
-0.011340695 -0.07345895 -0.023401413 -0.032720305
-0.01193623 -0.07360688 -0.023014538 -0.032841492

-0.049159728 0.05022945 -0.014487358 -0.025266686
-0.048497055 0.049843688 -0.015000584 -0.024731586
-0.050290085 0.05035921 -0.013212781 -0.026491938
-0.048799872 0.049862713 -0.014679333 -0.025040573
-0.04915304 0.05017006 -0.014248484 -0.025250774

0.024662318 0.054022014 0.0146656055 0.034150664
0.025344353 0.055058125 0.015267168 0.034721754
0.025461134 0.05525811 0.015359294 0.034835663
0.025276426 0.054956168 0.015353173 0.034662366
0.021461096 0.048563447 0.014342336 0.03125222

0.057312634 0.02857894 -0.034061115 -0.0173197
0.04409426 0.013294968 -0.025262486 -0.02450263
0.069023885 0.041185953 -0.040955964 -0.012921968
0.057527497 0.027966725 -0.033396263 -0.018989362
0.059232377 0.031484928 -0.035728376 -0.014944017

0.00064722565 0.017247252 0.03849315 -0.06464815
0.0011972063 0.017458066 0.037600767 -0.06395469
0.0011284773 0.015557305 0.039304364 -0.062877014
0.0015539132 0.017833825 0.037069615 -0.06423279
-0.0041945986 0.019156456 0.040918615 -0.06857916

-0.020230502 0.007246701 -0.0065850867 -0.0036947469
-0.020065947 0.00745224 -0.0066092825 -0.003015111
-0.020078152 0.007942879 -0.0069425274 -0.002640497
-0.02021912 0.006594313 -0.006283478 -0.003675658
-0.020121876 0.0076294565 -0.006786527 -0.0029816912

-0.008389583 0.015475612 -0.048555832 0.036044125
-0.014188322 0.021243729 -0.052345973 0.03857641
-0.01415776 0.021067273 -0.05032009 0.03777017
-0.015332009 0.02219161 -0.050409343 0.038099498
-0.0056973845 0.013020966 -0.05008082 0.03606527

0.0058651627 0.020366414 -0.012109995 0.043270584
0.0058789854 0.02074693 -0.012235908 0.044406477
0.005792779 0.02095841 -0.011619529 0.045145314
0.005924197 0.021340594 -0.013085274 0.045993164
0.0058170105 0.019819492 -0.0111112995 0.04152351

-0.024008214 0.020952353 -0.017052813 0.073831804
-0.023977615 0.021121379 -0.017135885 0.07389096
-0.023986395 0.020772733 -0.016933335 0.07368885
-0.023888772 0.02152007 -0.01732202 0.07397191
-0.02397391 0.021548318 -0.017376188 0.07416119

0.00068997714 0.07434941 -0.071559586 0.041759957
0.0011561327 0.07388478 -0.071488835 0.041053038
0.0011458591 0.074352704 -0.071830936 0.041326262
0.00092406716 0.07649707 -0.073177986 0.04338294
0.0006761012 0.07504822 -0.07194699 0.042734846

-0.033123504 0.021040982 0.018426085 -0.030875761
-0.033026874 0.021185692 0.018611735 -0.030832244
-0.03304582 0.02121734 0.018697876 -0.030619778
-0.032487024 0.021988753 0.01980631 -0.028850151
-0.032335423 0.022739293 0.02055028 -0.029572524

0.028094089 0.005846033 -0.017300468 -0.018773444
0.029282134 0.0071032704 -0.016127596 -0.017804896
0.029795164 0.007336049 -0.014172378 -0.01600291
0.02852718 0.0061111553 -0.015873192 -0.017623153
0.028033882 0.0060616704 -0.018433807 -0.019790212

-0.003141632 0.016430918 0.077138044 0.1360674
-0.0030627863 0.016575124 0.077147014 0.13622984
-0.0032624782 0.015975218 0.07693936 0.135297
-0.0028905566 0.016965654 0.07731413 0.13693364
-0.0031803292 0.016224047 0.077007286 0.13565649

-0.028744044 0.048236515 -0.040685613 -0.016703406
-0.028476313 0.05107363 -0.039042916 -0.016970355
-0.028692635 0.049983695 -0.039841898 -0.016938526
-0.028388295 0.048979882 -0.039860364 -0.016583426
-0.028611114 0.049641993 -0.0397478 -0.016895846

0.0062847165 0.053537633 -0.13962916 0.06806949
0.0062728943 0.054581076 -0.14098953 0.06874165
0.006485615 0.054571465 -0.14104703 0.068406604
0.0063045993 0.054418728 -0.14119342 0.06884264
0.006011092 0.053234138 -0.13882355 0.06808333

0.0022610903 0.020490577 0.031595178 0.035705242
0.0029556158 0.020839646 0.029922653 0.03177695
0.0011735063 0.022057751 0.03156405 0.03543038
0.0032530413 0.02199963 0.029794449 0.029949915
0.0010449392 0.021786582 0.03150938 0.035892747

0.01853787 0.0019358981 0.0031333035 0.018622588
0.02094592 0.0014837371 0.004135584 0.016944528
0.022767395 0.0018096406 0.003361841 0.019813737
0.023069466 0.0018736728 0.0032624113 0.020171145
0.017112687 0.001975921 0.0029751437 0.018495502

0.011894157 -0.012346833 0.016117334 -0.00805775
0.012125824 -0.011809783 0.014767627 -0.00687688
0.01251392 -0.0116218245 0.014769808 -0.0068795523
0.011486429 -0.012553874 0.016074732 -0.008229654
0.012713011 -0.011887666 0.015596886 -0.0071259732

0.0026768853 -0.047412556 0.056611802 0.036725745
-0.00024844383 -0.04743739 0.057472337 0.03802364
0.0018369288 -0.04678477 0.05561403 0.03637445
0.0011217948 -0.047851223 0.057491284 0.037334
0.0022463896 -0.04831068 0.058141038 0.03747131

0.011455959 0.04913338 -0.037871655 0.0057158484
0.012856267 0.049863424 -0.03852722 0.0070020338
0.011925153 0.049036756 -0.03801317 0.0066184015
0.01245858 0.049948387 -0.038473547 0.0061201043
0.012343886 0.049835164 -0.03806221 0.0066945236

0.010567144 -0.0024368498 -0.006700013 -0.005627809
0.010927696 -0.002559886 -0.0065602013 -0.0059935073
0.010053389 -0.0026503867 -0.007013904 -0.0054832175
0.009607497 -0.0015133752 -0.0065998337 -0.004195638
0.009932053 -0.002076655 -0.006696741 -0.0049279113

-0.0112523595 -0.004141723 0.020434732 0.006351444
-0.010142826 -0.0064870925 0.017345915 0.005281405
-0.010943187 7.4344134e-05 0.020678755 0.0067156893
-0.01173889 -0.0015371185 0.022165174 0.007035176
-0.012114614 0.0020105003 0.023853742 0.0077761495

-0.012355546 -0.08150674 -3.425274e-05 0.031218154
-0.012320039 -0.082390904 0.00053434726 0.031698
-0.012278765 -0.08141843 0.0002658299 0.031307805
-0.012126726 -0.081004456 -0.00073087995 0.030250652
-0.012308058 -0.08127104 0.00015277676 0.03129658

-0.06360697 -0.040898476 -0.055073295 -0.029620558
-0.06310179 -0.040290635 -0.054238558 -0.028797314
-0.06341803 -0.040146187 -0.054232463 -0.028878348
-0.06328828 -0.040216275 -0.05423802 -0.02872298
-0.06329051 -0.040430296 -0.054471552 -0.029076206

-0.010912483 0.0074263928 0.0059681567 -0.009125997
-0.00836193 0.0076601054 0.0063055605 -0.007355052
-0.007885948 0.009235259 0.009122643 -0.008762203
-0.0067989114 0.009321293 0.00923202 -0.007963478
-0.007504129 0.008571919 0.008004443 -0.0077324547

0.058982555 0.10443919 -0.035554837 -0.010552564
0.059015606 0.10469187 -0.035621334 -0.010794839
0.058848836 0.10435933 -0.03538562 -0.010485811
0.05957708 0.105271615 -0.03638848 -0.011525721
0.061399683 0.10870884 -0.03898563 -0.015105246

-0.07021923 -0.045902375 -0.028024426 0.028384762
-0.06891443 -0.05183815 -0.024661016 0.030231448
-0.07030786 -0.046682354 -0.028060481 0.0283726
-0.07012408 -0.048173707 -0.026344873 0.02927986
-0.07001353 -0.047196615 -0.027792405 0.028435232

0.0015590453 -0.003140729 0.029593835 0.009864027
0.0022190432 -0.0034566128 0.03074735 0.009804634
0.0007726743 -0.0032386223 0.028992651 0.0091431625
0.0019790893 -0.0032364484 0.031311605 0.009227661
0.0006095473 -0.0030721754 0.02753394 0.009895114

-0.003354951 0.0349728 -0.03975641 -0.040559717
-0.0027487034 0.034598865 -0.04034013 -0.040930778
-0.0014110147 0.034310464 -0.04195824 -0.04225362
-0.005210155 0.034977693 -0.03711765 -0.038891386
-0.0017788843 0.03461972 -0.04185629 -0.041896604

-0.041927293 -0.0512403 0.06411138 0.08665641
-0.044729695 -0.048782155 0.056584835 0.0865052
-0.041366838 -0.051047552 0.06270144 0.0859636
-0.046856634 -0.047669876 0.05692525 0.08784376
-0.035746682 -0.055505183 0.070714265 0.08527198

-0.0024298197 0.0066404184 0.006189228 0.07542647
-0.0014433599 0.006489314 0.006730712 0.07206549
-0.0014246252 0.0064237053 0.0064068683 0.07379726
-0.0015255699 0.006345525 0.0065085525 0.071834505
-4.7119556e-05 0.006265281 0.006556265 0.07377671

-0.027017323 -0.018309124 -0.020067656 0.03132888
-0.023549983 -0.01880284 -0.020063095 0.03190686
-0.0256295 -0.019192643 -0.020528676 0.032217864
-0.024033794 -0.017907448 -0.01945828 0.030749885
-0.02353299 -0.02082191 -0.021489736 0.034240477

-0.0013752541 0.0024771087 0.0046127103 -0.07096009
-0.0012736259 0.0020618965 0.004765038 -0.07047415
-0.0013475537 0.0023433932 0.0045772004 -0.070693366
-0.001160416 0.00182462 0.0049245874 -0.070117116
-0.0013114724 0.0023241374 0.0047224215 -0.07095739

0.055879455 -0.018882198 -0.0080119055 0.0017353831
0.05562153 -0.017984731 -0.010087541 0.0003567477
0.056282397 -0.018431293 -0.009310313 0.0008264121
0.055322625 -0.017450271 -0.01066163 -0.0001677977
0.055451997 -0.01718865 -0.0117759025 -0.0008660343

-0.033780366 0.047803834 0.03793162 -0.022441566
-0.03328523 0.049845077 0.039952 -0.023706304
-0.034607977 0.049053717 0.039482225 -0.022938116
-0.033760607 0.049004838 0.03922289 -0.02307769
-0.03367286 0.049617726 0.039805576 -0.02357346

0.009971976 -0.01681953 -0.012219256 0.002267289
0.0136566525 -0.009735764 -0.019408967 0.0034506028
0.011569023 -0.014225551 -0.014921089 0.0017603976
0.009518561 -0.018187994 -0.010882574 0.0009543806
0.009120205 -0.018744973 -0.010259157 0.0011984427

-0.016586857 0.037622668 -0.016971853 -0.012081174
-0.016280811 0.038452763 -0.01614847 -0.010442037
-0.016679958 0.03696203 -0.016242068 -0.011471551
-0.016175559 0.038858686 -0.015093929 -0.008756231
-0.016623048 0.037437253 -0.016636847 -0.011754459

0.06757843 0.01653086 -0.025362441 -0.039557483
0.06838006 0.017618105 -0.023442324 -0.03704055
0.068152115 0.017525291 -0.02377838 -0.037629798
0.06846941 0.01806273 -0.022996059 -0.03673164
0.06889762 0.019193657 -0.021636145 -0.035371415

0.06022969 0.093591176 -0.08289272 -0.09009662
0.056761526 0.090376936 -0.079882614 -0.086511165
0.06357352 0.098782785 -0.086485766 -0.094148405
0.06212307 0.09723687 -0.0852115 -0.09264313
0.057969913 0.09386597 -0.08208342 -0.088825114

0.04329365 -0.02492803 0.0024473846 0.014910769
0.04197014 -0.024383087 0.0033762078 0.013688281
0.04184863 -0.024228327 0.004347971 0.012604787
0.04432474 -0.025626345 0.002625524 0.015247349
0.043545745 -0.02535506 0.0029195992 0.014810848

0.0013761016 0.020285634 -0.008463283 0.0012969979
0.0011386742 0.016807921 -0.010542393 -0.0019875204
0.00076337834 0.019664612 -0.009262903 0.00061658927
0.0006435446 0.016587468 -0.011142087 -0.0022876007
0.001894759 0.02144962 -0.0075558554 0.0024403385

0.040935934 0.021647932 -0.03241195 0.014783922
0.040296923 0.02223879 -0.032313764 0.014551717
0.042019434 0.020933341 -0.03236392 0.015064323
0.041173484 0.021580778 -0.032397944 0.014812431
0.04083998 0.021781359 -0.0323709 0.014736084

0.04374579 0.009149848 -0.038089167 -0.010521356
0.043216035 0.009542903 -0.039147213 -0.010259635
0.04276672 0.009016746 -0.038008973 -0.009834765
0.04361451 0.009495192 -0.039667856 -0.010565289
0.04230915 0.009285596 -0.03866328 -0.009544619

0.009301723 -0.0021273915 0.007073685 0.004889758
0.01079691 -0.004014415 0.007615096 0.0065414007
0.0106185395 -0.0028264686 0.0075907935 0.0063207825
0.0058070472 -0.0013187617 0.0055045397 0.0009874777
0.013184643 -0.006398059 0.008578713 0.009312423

0.013661891 -0.006835738 -0.02417945 0.036486406
0.013355134 -0.003286345 -0.024116047 0.032208476
0.011300598 -0.0050243293 -0.02443153 0.032424487
0.011947459 -0.0070969416 -0.024480972 0.0366906
0.01124792 -0.0049244226 -0.024003623 0.03503139

-0.07296959 0.034198135 0.034145053 0.060629938
-0.072245896 0.03329748 0.030162383 0.059132554
-0.073116235 0.034254424 0.034984827 0.06086229
-0.07167605 0.030932471 0.027269108 0.056992177
-0.07297037 0.034740306 0.035885934 0.061193112

-0.039653488 0.004569389 -0.014485179 0.008794675
-0.048988912 0.0035771695 -0.017314218 0.0060809916
-0.046489693 0.0037094387 -0.015953233 0.006867888
-0.049999464 0.0035261766 -0.017886562 0.0057496033
-0.045471117 0.004130602 -0.016166737 0.007504273

0.022991635 -0.0013273366 -0.015774997 0.012736725
0.02165996 -0.0019203819 -0.014113948 0.01249176
0.022549668 -0.0014466582 -0.014642294 0.0130762635
0.022550773 -0.0014148171 -0.014603037 0.013178517
0.022616813 -0.00091281836 -0.015937874 0.013565173

-0.042185213 0.0139400605 0.03439236 0.040088635
-0.05207265 0.016270714 0.04375529 0.037328668
-0.05277032 0.016188042 0.044224598 0.036343265
-0.050937682 0.01625044 0.04272785 0.03895889
-0.043701734 0.013836171 0.035921197 0.038018577

-0.090890035 -0.050099373 -0.025059573 0.056847326
-0.0945079 -0.053655352 -0.023266008 0.059959196
-0.09352523 -0.051843353 -0.0254487 0.058584817
-0.09134828 -0.05038291 -0.02560099 0.057213165
-0.0938372 -0.05237555 -0.025392514 0.05915941

0.014720093 -0.020863885 0.028450709 0.0097845895
0.01730017 -0.024060534 0.028133674 0.011516154
0.014299498 -0.019610204 0.02996677 0.007925394
0.012946266 -0.017271219 0.03128484 0.0056181643
0.013773173 -0.018852768 0.030243624 0.007343561

0.0006188592 0.013705844 -0.0064909738 -0.0015847198
6.995835e-05 0.016372276 -0.0071365274 -0.00010875399
0.0012808705 0.016845744 -0.008981538 5.491709e-05
-7.0793735e-06 0.015487231 -0.0066207875 -0.00048180608
0.00081758015 0.015240858 -0.007374996 -0.0011298849

-0.0022706708 -0.0011132824 0.0021927634 0.0030339134
-0.0029419889 -0.00047741292 0.003430344 0.003020696
-0.0022354245 -0.0006723094 0.0022703228 0.0023254252
-0.0028467237 0.000250836 0.0034103727 0.0016169184
-0.002549192 -0.00044095737 0.0026813094 0.0021255817

-0.050194208 -0.02411557 0.052138757 -0.10453841
-0.050271094 -0.023109946 0.049221758 -0.10119836
-0.050290294 -0.023316093 0.0508609 -0.102084495
-0.050024066 -0.024468593 0.05179115 -0.10472653
-0.05010981 -0.024196459 0.051937018 -0.10432572

-0.067752756 -0.044681836 -0.07751911 -0.098121166
-0.06914002 -0.045045976 -0.078267984 -0.09594364
-0.066012315 -0.04519302 -0.07438298 -0.09609802
-0.0667132 -0.04515818 -0.075586714 -0.096898556
-0.0682 -0.045019656 -0.076753095 -0.095072664

-0.005422455 -0.021295337 -0.013364287 0.001005072
-0.004414049 -0.020480605 -0.013995408 -0.00029120635
-0.004954845 -0.021358322 -0.012982593 1.4260776e-05
-0.0048467685 -0.019275848 -0.01591209 0.0014548621
-0.0059425198 -0.021897687 -0.012290354 0.0008375151

-0.0091654295 -0.0051644035 0.0028119353 -0.03624921
-0.008565252 -0.00591234 0.0025553291 -0.036117412
-0.0102321375 -0.0051885666 0.0043080803 -0.035465557
-0.0046806643 -0.008583342 -0.000647292 -0.036389165
-0.008100889 -0.005377803 0.0015664564 -0.036843147

0.009966815 -0.08046998 -0.008338573 -0.0655676
0.010072654 -0.08055245 -0.008212166 -0.065465696
0.009840685 -0.080411986 -0.0080174105 -0.06532527
0.009084919 -0.08007189 -0.0071024047 -0.06473846
0.010315033 -0.08066886 -0.00817034 -0.06536723

0.037830237 0.04086313 0.05027494 0.05939896
0.037248682 0.04169404 0.049782313 0.05842784
0.0373133 0.041582078 0.049812764 0.058547243
0.037116703 0.041889053 0.049960285 0.05822162
0.03718887 0.041744374 0.049941894 0.058350753

-0.016359014 -0.0101534305 0.005811381 0.0074122446
-0.015847009 -0.009196588 0.0051815296 0.007347249
-0.015454038 -0.009128223 0.00524596 0.006835759
-0.016411839 -0.009489656 0.0053560915 0.007611602
-0.016265435 -0.009631713 0.0054826266 0.007408969

-0.0105037745 0.018616488 -0.035707694 -0.001805187
-0.009570148 0.01853684 -0.035055332 -0.0008670428
-0.010123291 0.018668905 -0.035482533 -0.0011395763
-0.010856736 0.018973237 -0.035617724 -0.0020283207
-0.009664579 0.018491758 -0.034965426 -0.0013807337

0.016210977 0.07729002 -0.07096146 0.03608698
0.016203528 0.07749887 -0.07116244 0.036756184
0.016369268 0.07683661 -0.070607424 0.03503632
0.016232986 0.077202275 -0.07096984 0.036034346
0.016320052 0.07702501 -0.07075867 0.03550222

0.019680379 -0.0044881282 0.015629373 0.0053918296
0.017434528 -0.0031425972 0.013448916 0.00646929
0.017630516 -0.0025698426 0.0132763395 0.006769848
0.017563634 -0.0029804194 0.013592118 0.00705496
0.017705293 -0.0020477625 0.012816282 0.0064740325

-0.026420169 -0.051109623 -0.059516978 -0.030720448
-0.02527084 -0.048257474 -0.060408972 -0.029874722
-0.023251923 -0.04444277 -0.060001418 -0.028349444
-0.027453583 -0.05273326 -0.060222592 -0.031503864
-0.024902854 -0.046369765 -0.06232716 -0.029650636

0.11648607 -0.10157174 0.11553133 -0.18374975
0.116793536 -0.10122341 0.115897894 -0.18395974
0.11559141 -0.10204931 0.11471295 -0.18326648
0.11598011 -0.10157372 0.11513685 -0.18344381
0.11572008 -0.1023796 0.11468776 -0.18330437

0.023342408 0.0034055235 0.02881611 -0.0024951333
0.023316445 0.003634476 0.02891147 -0.0021586763
0.023741595 0.0022423917 0.028904537 -0.0045889937
0.023802966 0.00341542 0.028719848 -0.0023046816
0.023250168 0.0037035334 0.028803254 -0.0019816784

-0.016921375 -0.010994326 0.014963999 -0.018731901
-0.017926801 -0.012771963 0.0159451 -0.01850717
-0.020937912 -0.017456563 0.016207594 -0.015171761
-0.018763365 -0.014537983 0.016087681 -0.017101796
-0.021104569 -0.017844751 0.016141292 -0.014724506

-0.12978894 0.074420065 -0.11713287 -0.06657484
-0.124555394 0.073269784 -0.116881005 -0.06473942
-0.12531093 0.07254371 -0.11369256 -0.06299699
-0.1322247 0.074196346 -0.11481601 -0.06573449
-0.13242851 0.07624226 -0.12110926 -0.070318066

0.009753707 -0.005307667 -0.08013462 0.06271747
0.01306484 -0.0034240102 -0.08353965 0.06261099
0.013724244 -0.0033749326 -0.083425805 0.062008426
0.013605098 -0.0033044948 -0.08363428 0.06225956
0.011994994 -0.0043724356 -0.08167505 0.062060133

0.06362249 -0.033911265 0.004745808 -0.057009384
0.06481855 -0.033356477 0.004007015 -0.057394598
0.06305602 -0.033512883 0.0043583736 -0.056510195
0.06747995 -0.03286054 0.0031045505 -0.058635794
0.0659281 -0.03359 0.004258066 -0.058077287

-0.031127004 -0.03439394 -0.026691906 0.050115354
-0.036213517 -0.026719244 -0.030907886 0.04694142
-0.03625249 -0.026557647 -0.031268343 0.046772458
-0.03241848 -0.03263447 -0.028497523 0.04942259
-0.033773903 -0.031342536 -0.030263048 0.049003094

-0.021932144 0.016159203 -0.015951674 0.016296882
-0.019154852 0.017393073 -0.0074290554 0.017849019
-0.021070141 0.016778743 -0.012296561 0.016885865
-0.023369668 0.015743077 -0.019098457 0.015534045
-0.018930478 0.01628027 -0.009420089 0.016758835

