100
-0.0579023 0.24863675 0.06676928 0.028170696
0.12904215 -0.22749132 -0.10788353 -0.14580582
-0.15245685 0.02062554 -0.0074277967 0.10149829
0.16890387 -0.14047468 0.08462911 -0.04329144
-0.22569814 0.127564 0.013532592 0.0804999

0.09191455 -0.08526384 0.10205237 0.013618366
-0.047745466 0.10941032 -0.0847013 -0.076280974
-0.080283985 -0.087356746 0.01937521 -0.12115623
0.01953459 -0.030104417 -0.0287031 0.39336154
0.050021432 0.24284096 -0.16738275 0.24152274

0.116528355 0.024747964 -0.026462201 0.14345758
0.07498616 -0.112356044 0.06613553 0.10006002
-0.07883918 0.09021194 -0.06272405 -0.06285172
-0.09639679 0.09786509 0.040987328 -0.10942382
-0.09410457 0.0833563 -0.124019966 -0.20919418

0.07751168 -0.0843952 -0.08853558 0.0670082
-0.019990338 0.19614542 0.18818498 0.16374925
-0.09421214 -0.32552052 -0.057785027 -0.34487346
0.067236975 -0.21537848 0.084879436 -0.2606349
-0.17268807 -0.19368057 -0.029602002 -0.25159243

-0.2856811 -0.1752987 -0.06757374 0.07929561
0.15498638 0.087529436 0.10561318 -0.073184706
0.113970466 0.021216972 0.41289464 0.1806635
0.16911592 0.21164002 -0.090282455 -0.075553104
0.10584374 0.038234033 0.2134822 0.058800817

0.10019334 -0.08301996 -0.14957188 -0.08949858
0.2539866 0.23089299 0.1057527 -0.35419458
0.12279272 0.13786457 0.10971646 -0.18460353
-0.006640346 -0.2961342 0.010810174 0.06295769
-0.2068156 -0.07916889 -0.106774196 0.28901386

-0.018937474 0.093677774 -0.13059229 0.15658061
0.14869471 0.10651969 -0.1771194 0.4067876
0.20283933 -0.46090585 0.528705 -0.09902999
0.07815175 0.08558032 -0.22086883 0.47427043
0.038233362 -0.06392177 0.06674506 0.29219356

0.35797387 0.045352045 0.29487875 0.025570195
-0.10113234 -0.060791586 -0.061727237 -0.23473835
0.037495755 -0.083066314 -0.1310222 -0.122335225
-0.19246167 -0.20195802 0.16293186 0.0991919
-0.036474895 -0.3657468 0.25606275 0.25400978

0.17913322 0.06935685 0.03999789 0.10528628
-0.38941786 -0.18959612 -0.24099842 -0.08320332
-0.119162664 0.09918511 -0.21476485 -0.18831521
-0.122636504 -0.087143324 -0.050761256 0.0069768107
0.086672336 0.2071301 -0.037171587 -0.18236907

0.08416836 0.1574211 0.0100878235 -0.2727346
0.09505496 0.2322409 -0.05193663 -0.1796756
-0.060039125 -0.17668259 -0.060717713 0.30956566
-0.11964346 0.30112186 -0.1090431 -0.106420346
-0.059358213 0.13178857 0.15807863 -0.19923624

-0.08404187 0.14494805 -0.0808662 0.074402094
0.113275535 -0.021511288 -0.07320166 -0.2357111
-0.060901463 0.24437584 0.05507642 -0.26901257
0.052145574 0.16113299 -0.13098362 -0.30577776
0.0907262 -0.36585003 -0.10066942 0.25617042

-0.012283492 -0.1822908 0.029098978 0.04602936
-0.023618367 0.03884627 -0.052571274 -0.045270212
-0.31681958 -0.56969947 0.2689197 0.35895264
-0.055569705 0.029377079 -0.07490167 -0.069280274
-0.10048154 -0.2848074 0.15657371 0.17402326

-0.10470809 0.34546423 0.07615156 0.28602985
-0.11209614 -0.04865725 0.22033307 -0.1287142
-0.13776909 -0.077096775 0.11822179 -0.05320155
-0.15528832 -0.08566736 0.010115087 -0.030798199
0.005400525 -0.061415616 0.06048115 -0.09821114

0.11539618 -0.027073931 0.0116339065 0.06697439
-0.09331178 -0.017835975 -0.2980809 -0.28361973
0.053896286 0.29243237 -0.21312378 -0.28463915
-0.08030996 0.0014101255 0.21878892 0.11708358
0.085940555 -0.0013333501 0.36757863 0.304299

0.11303297 -0.35493276 0.18980369 0.09895303
-0.13704942 -0.11195067 0.21421987 -0.08141914
-0.0535595 0.10457659 -0.15769027 0.057760924
-0.07184467 0.23245774 -0.15142748 -0.018767914
-0.14147203 0.07625518 -0.05425462 -0.057999633

-0.13029043 0.16750655 0.02938737 -0.10320559
0.28847036 -0.13133593 -0.19856347 0.116245545
-0.0031613272 0.13752808 -0.22564915 0.026408697
0.3203925 -0.0983776 0.12723929 0.0990387
-0.041014638 0.25136316 0.07447948 -0.0031732915

-0.09892148 -0.0064188424 -0.17026608 0.33377993
-0.046959657 -0.06725719 -0.20106733 -0.0053231497
-0.31010216 0.20642813 0.03845562 0.033275742
0.08661271 0.011355564 0.1652946 0.06939639
0.18183616 -0.27249664 -0.24964187 -0.033776682

0.057231575 -0.19995509 0.06433055 0.13947383
0.039648186 -0.15566994 -0.22638999 0.15056399
0.16661102 -0.16947554 -0.078885324 0.05712525
0.13636713 0.0008899156 -0.123572886 -0.0059004007
-0.07454852 0.006711919 0.18260404 -0.07015449

0.34417072 0.14409648 -0.003363978 0.030897498
-0.04008498 -0.16591918 -0.27330762 -0.24826407
0.2324186 0.0062563745 0.10890085 0.12903835
0.4023756 -0.05548381 0.2902265 0.7455432
0.116585836 -0.3119551 0.3015816 0.20721081

0.30963942 0.17902215 -0.48563972 -0.099206604
0.34305778 0.1523107 -0.14081576 -0.28453487
0.16832641 0.36359528 0.36195472 0.08987051
0.25662345 0.47526821 0.1141513 0.08586799
-0.19947422 -0.11257225 -0.040948983 0.40787956

-0.18579823 0.07429303 -0.026247432 -0.033417303
-0.13328402 0.14681378 -0.027774114 0.09679326
-0.096260235 0.1661898 -0.14876474 0.05637203
-0.11644113 0.20488748 -0.15646094 0.078774184
0.20745492 -0.043563433 0.1982157 0.24020465

0.28172576 -0.13671507 -0.07782304 -0.1484683
0.27471554 -0.14673977 -0.02987891 -0.28851634
-0.23709717 0.15118302 0.025263952 0.008407048
0.21834901 -0.21544905 0.060622934 0.0178295
0.11778436 -0.11436167 0.021898966 -0.029424543

0.1849249 0.21184751 0.14922237 0.1323871
0.0027882752 -0.24806282 0.210799 -0.09752705
-0.20075266 -0.3214523 -0.04441346 -0.16510639
0.17557748 0.033230234 -0.1337492 0.090111524
-0.23097591 -0.22912246 0.056523178 -0.10549795

0.05858884 0.10175776 0.04089608 0.104414806
-0.13122213 0.15427777 -0.053818993 0.015600251
0.028957114 0.05356295 0.17540565 -0.12067082
0.0059795883 -0.0011133561 0.20479606 -0.24033342
-0.18221228 0.24346778 -0.0312714 0.0052738716

0.17900349 -0.07460533 0.0795997 -0.19505441
-0.17244563 0.040967938 0.057612523 0.018898185
0.32919732 0.10348881 -0.123314545 -0.16953556
-0.09517364 -0.07123827 0.11895313 -0.03731398
0.08283135 0.32812434 0.19738321 -0.32088104

0.025725422 0.1748868 -0.3536764 -0.24205562
-0.013968612 0.070501305 0.20594098 0.2359215
0.1359964 0.00992421 -0.060324915 -0.13338165
-0.07597564 -0.011414042 0.01165127 0.05710529
-0.07850079 -0.09320829 0.07767049 0.11506491

-0.17963453 -0.22964492 -0.048308108 -0.2500025
0.083748855 -0.14831693 -0.044146262 0.091939606
-0.10285024 0.0015165339 0.04350248 -0.064226925
0.083881855 0.25445446 -0.37781426 0.29521194
0.043791477 0.24295458 -0.12460548 0.06540682

-0.06581943 -0.08534912 -0.06600598 0.11290954
-0.18874508 -0.21036705 -0.029659033 0.12344272
0.3652342 0.10521773 0.24896763 -0.22362795
-0.24061249 -0.03730453 -0.1562304 0.08261354
0.04952833 0.06567165 0.157224 -0.1771692

0.14593932 0.04569467 0.027479209 -0.004076367
-0.08242731 -0.06136132 0.12970607 0.03400367
0.017614031 -0.074432336 -0.052025914 0.14771476
0.020546291 0.023880342 0.15229218 -0.11501146
-0.041616186 -0.064185336 -0.09355393 0.096985646

0.00917054 0.03124715 0.11919699 0.068388104
0.09940091 0.08638198 0.04279335 0.30384985
0.022900455 -0.048126105 -0.15180708 -0.15233004
0.09256298 0.07428996 -0.030161072 0.24572413
0.09375522 0.054349296 0.087156095 0.05222575

0.08485 0.018119732 -0.14092925 0.15335451
-0.024102619 -0.11940448 0.012837024 0.23725064
-0.047554277 -0.15026999 0.027558895 0.25346413
-0.039563105 -0.14854096 0.039671876 0.22599858
0.043967564 0.17287765 -0.03668762 -0.28150484

-0.100756265 0.085586645 -0.13258104 -0.069262855
0.16395605 0.24419332 -0.40924826 0.2958702
-0.2181131 -0.26832932 0.4445644 -0.32268658
-0.0011945518 -0.08644555 0.19950761 -0.024790276
-0.14205539 0.030278841 0.21669707 -0.4013447

0.084129654 -0.090944745 0.11934034 0.042560924
0.26991212 -0.15952049 0.12781815 0.04398001
0.02436833 -0.19745351 -0.07686977 -0.024241814
0.2818656 -0.17224006 0.22272325 0.07930761
-0.12436414 0.38307613 -0.12917134 -0.28375354

-0.14884594 -0.12730365 0.0621218 0.3300772
-0.09336719 -0.2700737 -0.08101692 -0.26894295
0.08312592 -0.43505877 0.13913321 0.01645051
0.05962357 0.028321456 0.08914462 -0.060609054
0.12096902 -0.3068633 0.13398026 0.09425333

0.16842918 -0.11429507 -0.31724015 -0.04767664
-0.08151351 -0.0031543702 0.25928134 0.030071296
0.06917567 0.23173688 -0.1409744 0.27496466
-0.053043 0.3031711 0.009049046 0.23503825
0.10144751 -0.5256271 -0.017135363 -0.4122191

-0.099396534 0.181315 0.03596421 0.044000193
-0.19990608 0.012355227 0.029955357 0.08271808
-0.24197415 -0.34617174 -0.013221013 0.031344194
0.06632382 -0.21099316 0.15744554 0.22656421
0.28075194 0.1679815 -0.03382649 -0.09966853

-0.021109216 -0.11878269 -0.09359118 -0.03541043
-0.0022859778 0.008616934 0.008096011 -0.2764931
0.09104746 -0.021040626 -0.17965755 0.060556058
-0.058836542 0.22071953 0.26756433 0.051254172
-0.19120432 -0.037127577 0.20309812 -0.3351468

0.19996215 0.10789089 0.24917018 0.11234096
-0.03532769 0.059818342 0.15474181 -0.18994646
0.15516704 -0.013435806 0.13496044 -0.041576166
0.26469028 0.0276029 -0.17271219 0.5117429
-0.24527304 0.28709912 -0.01146581 0.1904655

0.087523006 -0.123464294 0.026025832 0.44866028
-0.08613136 -0.025982108 0.025884185 0.44857624
0.0995728 -0.101198606 0.14638257 0.34483233
-0.074532904 -0.3496237 0.28088912 -0.33093143
-0.25751075 0.19934072 -0.048049852 0.061616857

0.065734066 0.1845381 -0.16326791 0.1543859
-0.12939194 -0.041571718 0.022273272 -0.10446978
0.01885447 -0.19455285 0.18968973 -0.20421733
0.044042066 -0.0714053 -0.060189843 0.23298368
-0.12971467 0.19879472 -0.22335751 0.08078216

0.26788387 0.17668334 0.0820366 0.030959502
0.25933808 0.16970043 0.004385152 0.14120047
0.18286277 0.05149161 -0.065428115 -0.079248935
0.040443417 0.10422252 -0.019273918 0.2880115
0.22537121 0.11117753 -0.046539046 0.01614441

0.2773258 0.052348603 -0.17033337 -0.105224416
0.009934756 0.08226639 0.11956629 0.054060746
0.18568027 0.109080955 -0.004682584 -0.01793959
0.05324073 -0.024197575 -0.07440261 0.026088282
0.057506174 0.05912608 -0.036790546 -0.042545788

0.21643864 0.24893463 0.011409122 0.07710406
-0.37634045 0.087190524 0.1693041 -0.024458151
-0.006744528 0.047135785 -0.06663891 0.04883643
-0.08109111 0.04875309 0.25298196 0.08558514
-0.20373024 0.3896242 0.042740807 0.13891499

0.38723642 0.21401784 0.11076261 0.013012847
0.03953048 0.049708504 0.3566461 0.1279884
0.23065694 0.039675016 -0.42128116 -0.08446162
-0.25676274 0.026778081 0.008546718 -0.06773016
0.31750187 -0.0009940092 -0.20780663 0.23345876

-0.0015621791 -0.067985855 -0.07722857 -0.2853895
0.031091565 -0.023233505 0.121540174 0.114775896
-0.21851975 -0.12912448 0.11236667 0.12098525
-0.2732819 -0.330665 0.14198637 -0.18073553
0.08509249 0.24627182 -0.20221171 0.06566846

0.01845976 0.15164535 -0.00018080343 0.010043526
-0.17056654 -0.11912304 -0.12008867 0.02307515
-0.020870173 -0.09245117 -0.17671323 -0.08753685
-0.04248624 0.12039784 0.052951574 0.053152613
-0.019063968 0.0578224 -0.18182059 -0.16076533

-0.064575896 0.046016186 0.13638991 0.01913147
0.098063506 0.00030347076 -0.39352715 -0.03733966
-0.1800202 -0.18722123 -0.136597 -0.021174213
-0.015126841 -0.16351134 -0.098052956 -0.16035146
0.065888554 0.087704785 0.19798939 -0.09841429

0.27228713 -0.21372937 -0.15454546 -0.023473853
0.08998323 0.09807481 -0.070395984 -0.004773261
0.14331219 0.062139392 -0.21814394 -0.10301013
0.18947504 -0.16177763 -0.014155838 0.076991364
0.24510834 -0.026469039 -0.11818668 0.049406998

-0.078091025 0.042926196 -0.23228893 -0.12373589
-0.17466493 0.01719757 0.027609508 -0.0038471173
-0.041535217 0.003714021 -0.17909092 0.021631187
0.21969129 0.04765794 -0.12676017 -0.24996632
0.04542457 -0.015702497 0.17964518 0.029165007

0.13415968 0.20090349 0.106631935 0.23402114
0.30251476 -0.0035061575 0.36720017 -0.021486925
-0.13469708 -0.13646728 -0.10656783 -0.11410032
0.13620256 0.2764767 -0.046175875 0.15346286
-0.14110622 0.17587815 -0.27796483 0.04093371

-0.09020518 -0.058917217 0.34791657 -0.18688884
-0.013802959 -0.069519475 0.1574154 0.07385856
-0.06396587 -0.22050579 0.060205612 -0.0024577384
0.052627638 0.22485605 -0.12678054 -0.09530487
-0.11930431 -0.2071702 0.19245082 -0.097888924

-0.100492224 0.17596573 -0.099453546 -0.18650952
0.083859935 0.034037556 0.14064126 0.14088239
0.18738402 -0.0815766 0.07752592 0.0858832
0.23217686 0.013433229 0.11845666 0.056473278
0.018537316 0.04196351 0.061600216 0.109549776

0.21001098 0.21232323 0.12954104 0.23613559
0.073387295 -0.0025311497 -0.17499204 -0.025663491
0.21135011 -0.22423364 0.122866094 -0.15363568
0.17008424 -0.2992083 -0.052455954 -0.008055382
0.30770394 -0.07868494 -0.13086016 0.2179977

0.09133154 -0.060041025 -0.008937729 -0.2790724
0.12687543 -0.067984164 0.041951444 -0.2598483
0.17127286 -0.0019330459 -0.027519695 -0.27713448
0.005385045 0.07023977 0.032263 -0.18226266
-0.24469519 0.038535234 0.014639334 0.31234527

0.20984723 0.11979427 0.010131348 0.13642085
-0.11845323 -0.34973514 0.012302745 -0.07524138
0.17496973 0.17529608 0.08548162 0.018850269
0.05662416 0.17247741 -0.17065 0.3954906
0.14593095 0.09192392 0.024726402 -0.092180155

0.10391163 0.14008924 -0.1554432 0.12380994
-0.07139909 0.2784553 0.132435 0.16245355
0.0632995 0.14486544 -0.07937139 -0.10012738
-0.06145455 0.0026196078 0.16693155 0.23809028
0.31917283 0.09014602 -0.43240187 -0.116452515

-0.053778417 0.18440023 0.058017936 0.07323645
0.049748063 0.0698612 -0.12905325 0.11879535
0.20404528 0.13346025 -0.008569104 0.25842574
-0.16290735 -0.20854469 0.111061476 -0.21735674
0.16895515 0.12639995 -0.102324195 0.27819338

-0.16624464 0.20764631 -0.07720595 -0.2295348
0.33826694 0.02052685 -0.1570962 -0.07714842
0.053370822 -0.059597973 -0.121068306 -0.15611748
0.13541667 0.37856805 0.09606033 -0.28310844
-0.3262874 -0.23737733 -0.045675196 0.12246136

0.08509923 0.004084855 0.033677332 0.10944451
-0.3505997 0.21405634 0.13064317 -0.38179275
-0.030139001 -0.0068679205 -0.077176616 -0.1055177
-0.32758948 0.027020514 0.07308023 -0.35061592
0.11423316 -0.024930742 -0.13171047 -0.25593692

0.20116845 -0.08988944 -0.10145946 -0.11359762
-0.07434894 0.13293746 0.18932104 0.30753708
0.0125833005 -0.02353545 -0.14574975 -0.02473288
0.08208453 0.053502753 0.014987322 0.24324183
-0.3546143 0.1413772 0.17631833 0.21763672

-0.09357213 0.07581127 0.15607928 -0.0141215045
0.032745354 0.09564465 -0.042345125 0.054895986
-0.043633003 -0.05686038 0.21460228 -0.054650243
0.10778828 0.07127204 -0.0035999077 0.055496246
-0.0683795 0.05436862 0.028363736 0.093947865

0.05719914 -0.55585736 -0.23700278 0.048210487
0.11170893 -0.18209483 0.00758481 0.17731167
-0.09148342 -0.055845395 0.060693808 -0.005259964
0.006768409 -0.08696043 0.20358467 0.19418445
0.09825941 0.14830555 0.28192747 0.25375172

-0.25849533 -0.08510903 -0.095532425 0.0036427143
0.064001024 -0.17985252 -0.14560649 0.2169521
-0.2628984 0.07747178 0.052835602 -0.09141391
-0.049568508 -0.1381704 -0.104604624 -0.036908276
-0.13336374 -0.021695793 -0.11826096 0.088879034

0.23214997 0.05779825 0.25488776 -0.011838973
-0.19885631 -0.12355854 -0.2661842 -0.15646349
-0.08265854 0.097012185 -0.21164276 0.106016524
0.16194223 0.2577933 0.04805637 0.2116726
0.2781111 0.27284595 0.18117039 0.16645311

0.10716562 0.030759942 -0.12650721 -0.006715878
-0.11516092 -0.012766048 0.04511286 0.10235706
0.24068718 0.29815862 -0.13542376 -0.3423562
-0.07451157 0.05092063 0.21088547 -0.25043467
0.0071788453 0.118627705 -0.12576962 -0.08749629

0.24402054 -0.043034717 0.06930504 -0.02861129
-0.2509225 0.0027208766 -0.017223578 0.03191965
-0.10586451 -0.05794838 0.04897083 -0.04209111
-0.2181901 -0.12982064 0.06821651 -0.003268107
-0.3907389 -0.24169463 0.17120995 -0.10985586

-0.10186847 -0.05166606 0.39723638 -0.08861277
0.117204435 0.11808824 -0.029379722 0.1034919
0.25937715 -0.37677854 0.16350916 0.41566843
0.2521183 -0.28248373 0.06163423 0.41805902
-0.18680207 0.004143835 -0.08905774 -0.2520564

0.18915336 -0.19087824 0.0710659 0.048689067
-0.1255065 0.056193333 0.13145362 -0.2937831
0.18453124 0.13896056 -0.3265467 -0.040687535
0.14081672 -0.06440954 -0.081282645 0.27557266
-0.16115586 0.069291085 -0.012846478 0.06620833

-0.0976783 -0.11790614 -0.15447704 -0.048456732
0.17308658 0.14979039 0.2767093 -0.120638825
-0.18371257 0.094680995 -0.04946477 -0.010866403
0.067031585 0.34371656 0.3420172 0.027112452
-0.105445795 -0.29640538 -0.30494484 0.0517962

-0.19772516 0.18398029 -0.0953255 -0.27578247
-0.060899854 -0.26312146 -0.26712716 -0.07428257
0.26264593 -0.08531832 0.002155755 0.17065714
-0.17338558 0.14463447 -0.08166462 -0.08791785
-0.119339265 0.013799171 -0.15658209 -0.1293493

0.1140089 -0.04877125 -0.0700059 -0.03829491
-0.00064683467 -0.0006938729 -0.31487244 0.01868793
0.07915501 0.23181325 0.12932652 -0.16515714
-0.043699197 -0.024631185 0.22149485 0.115168035
0.0043759397 0.22663909 -0.07048608 -0.14557885

-0.0042703277 -0.07913077 0.128998 0.30925205
0.1355808 -0.04813033 -0.0019111745 -0.17614537
0.14628652 -0.04226842 0.15899204 0.16966683
0.057506446 -0.30848423 0.1417553 -0.3791802
-0.07598396 0.1270213 -0.1817198 -0.31038055

0.1806543 -0.35206762 0.07622605 0.07184077
0.07602873 -0.068799384 0.5252732 -0.30368719
0.20299318 0.08742354 -0.016964331 -0.074245945
0.08585492 -0.16454834 -0.288301 0.37702408
-0.23441242 0.017916076 -0.067874506 0.16526026

0.16983876 -0.24012077 -0.11370347 0.15278433
-0.20299926 0.24912328 0.13447778 0.09482121
0.26701257 -0.37758362 -0.1609716 0.16761623
-0.28612685 0.19960319 0.3614209 0.02591404
0.37736133 -0.3711348 -0.31588742 -0.09883607

0.30007666 -0.0049548186 -0.21376878 0.19678034
-0.1800714 -0.121817335 0.16332951 0.048327703
-0.18679638 -0.39297298 0.020184482 -0.23042536
-0.17289235 -0.013629496 0.22147828 0.1572079
0.037091706 0.21431865 0.029680716 0.07628394

0.24359515 0.25464314 -0.3199293 -0.31104678
-0.015279934 0.13453116 0.00935085 -0.11407079
0.09731287 0.17188002 -0.14003074 -0.07547235
0.071772784 0.13784365 -0.12622678 -0.04246022
0.070111 -0.10894009 -0.103810236 0.0613614

-0.31088436 -0.39614266 -0.14868522 0.040950857
0.12957346 0.15597478 0.009178392 -0.107244484
0.06808451 0.29650187 -0.032406222 -0.24878277
0.10285359 0.048831932 0.0703127 0.15726298
-0.2740263 -0.22759452 -0.26781344 -0.05328329

0.035496615 -0.115278386 0.15260442 0.090925045
-0.325522 0.050165217 -0.23081303 -0.033615824
-0.13779052 -0.25692102 -0.17486131 -0.14506909
0.056541793 -0.1292563 0.22711661 -0.111213885
-0.15220512 -0.1672485 0.03537361 -0.35965133

0.3439601 0.25611916 -0.15462288 0.042856142
0.29550946 -0.36879873 0.22354768 -0.6312346
-0.047699336 0.06156977 -0.04611251 0.21486089
-0.26989374 0.24323387 -0.13836463 0.50093114
-0.08972901 0.15100877 -0.088430464 0.36680248

0.015835688 -0.0842993 0.29096702 0.3258792
0.017351175 -0.010296479 -0.15559568 -0.17240831
-0.003296517 0.2935288 -0.13113482 -0.2576235
0.07994725 -0.049585983 -0.0048980117 -0.026140284
-0.18056232 -0.07329584 -0.03406863 0.07672274

-0.039424554 -0.10455261 -0.058629088 0.12698524
0.016426956 0.11605332 0.14736502 0.09713037
-0.046356663 -0.09001669 -0.06717512 -0.031477258
0.04893691 0.11688608 0.04507087 -0.20711203
0.05380584 -0.019914098 -0.09369002 -0.073090255

-0.07377381 -0.1327588 -0.18725961 0.11276627
0.2069642 -0.05528799 0.13103929 -0.1395852
0.0073902346 0.07432678 0.36047852 -0.28731754
-0.12571897 0.06682221 -0.15053938 -0.07291702
-0.10869325 0.011279268 -0.040965755 -0.07700803

-0.3780543 -0.11990837 0.21549812 0.029653031
0.035325274 -0.12870285 -0.02669151 0.07089486
-0.19874944 0.21044832 0.23838945 -0.17221598
-0.21989226 0.12654613 0.2610985 -0.11569368
0.029999427 -0.03565516 0.0497323 -0.06181791

-0.1099182 0.17445283 0.22706787 0.03857073
0.13867496 0.0154652335 -0.15669097 -0.08424918
0.06859913 0.21661326 0.047340795 -0.078993455
-0.10298108 -0.33295715 -0.12109737 0.1446462
0.17265134 0.2949599 -0.13520634 -0.06577714

0.005124016 0.021963019 -0.11944474 -0.101099
-0.08857739 -0.16246404 -0.017136801 -0.071874276
0.0019561488 -0.16310848 0.05757801 -0.24633448
-0.15266056 -0.25292262 0.38790655 0.15014905
0.05941388 0.19680741 -0.29137796 0.047130883

0.26458272 0.015025824 0.06757354 -0.12084374
-0.10233868 0.013355933 0.037838075 -0.08786408
0.047251604 -0.0022207452 0.0002511607 -0.038162608
-0.27048242 -0.0077687195 0.055298585 0.11364197
0.056336835 -0.07178554 -0.16301495 -0.008237294

-0.2055146 -0.10601423 0.45247445 0.13685432
0.044109803 0.1808527 -0.14584441 -0.019480446
-0.023748312 0.098150454 -0.08417957 0.008084131
0.18780766 -0.017618954 -0.035289213 0.11422486
0.11431148 -0.022201857 0.009520318 0.16375211

-0.16919154 0.052558254 0.054274257 -0.11793855
0.038800456 -0.024260813 -0.0985609 0.099602625
0.002864699 0.14410101 0.10119675 0.36705047
0.30722398 -0.25845152 -0.28787673 -0.1687283
0.07913779 -0.101070374 -0.01415252 -0.045006573

0.059109204 -0.039266124 0.121587954 -0.0143575985
0.07335504 0.104045905 -0.037373524 0.08486639
0.24354802 0.1833597 0.009541109 -0.047440503
0.06052399 -0.14783488 0.11712391 -0.19368897
-0.21010323 -0.18821631 0.034993846 0.3218962

0.15188725 -0.27857715 0.49664524 0.01590228
0.3873862 -0.42194027 0.24636225 -0.021163069
-0.06480847 0.03561123 0.03805209 -0.14868721
0.17996126 -0.24879351 -0.025794644 -0.1728217
0.06298958 -0.09120856 0.14507733 -0.10000367

-0.28618833 -0.28309393 0.008559951 -0.21404567
-0.09197188 0.14741388 0.07560319 -0.07625199
0.07616652 0.106417485 -0.06023154 0.12839416
-0.01188104 0.14920996 -0.13011599 0.15250526
0.24271788 0.045901723 0.029708352 0.0900536

0.19196138 -0.23636311 0.1474837 -0.11516331
-0.07000313 0.049973916 0.121648856 -0.23990703
-0.3058983 0.2778585 -0.10127853 0.008083167
0.25498894 -0.29946804 0.19054824 0.05300202
-0.3432996 0.37671262 0.15180488 -0.28016195

0.06189951 -0.09289229 0.14232898 0.2847866
0.1639448 -0.040170193 0.021095932 0.23962645
-0.1447121 -0.1498691 -0.17148998 0.059380475
-0.04870726 -0.07649522 0.12586012 0.1602635
-0.13362363 -0.22485624 0.091673985 0.25249857

-0.09304047 -0.20952515 -0.060858864 -0.015020027
0.14909847 0.1722274 -0.14183454 0.047753725
0.034986056 0.07086211 0.2120931 -0.020944115
0.22012638 0.12253699 -0.049021486 -0.023697523
-0.05185242 -0.16271201 -0.12685132 -0.015088561

0.06954541 -0.30249384 -0.26000628 3.9522147e-05
0.31135625 0.014555859 0.07370461 -0.18997858
0.08261003 -0.062230803 0.15579286 0.11540587
-0.16760176 0.23566288 0.0763779 -0.019788802
-0.083311096 -0.02179068 0.11259575 0.19843999

0.007384441 0.060053162 0.00527512 0.02281582
-0.18222265 -0.25060374 0.46678245 -0.26067546
-0.29919797 -0.0763178 0.1498822 -0.30740455
-0.0044630556 0.33969462 -0.4109955 0.07077489
0.2577543 -0.042270083 0.06270782 0.31092367

-0.1899272 0.029398693 0.033461172 -0.15815262
0.02514061 0.16421363 0.047577422 0.07622909
0.06638745 0.15931346 0.18681452 0.33738708
0.059006527 0.15760285 0.13290448 0.23734415
-0.044284094 0.17366028 0.19489275 0.20728935

-0.24219711 -0.020857146 0.044011228 0.041193403
-0.07893978 -0.037573505 0.007102062 -0.090000235
-0.3052497 -0.038523626 -0.014816149 -0.20461904
0.10807758 -0.18961093 0.015849007 -0.13315153
0.194002 0.09695809 0.0633505 0.18480171

-0.24216819 0.26728985 0.2492193 -0.19225551
-0.040601842 -0.003348566 -0.11966962 0.17007992
-0.08396288 -0.22704963 0.00048598443 0.141028
-0.16842851 -0.09853678 0.27093476 -0.18299656
0.20437355 -0.046938345 0.20111303 -0.1778807

0.043628104 -0.10175348 0.07453312 -0.02420969
-0.5168249 0.042321574 0.12829825 -0.0446709
-0.22472961 0.07964075 0.025969 0.1602874
0.2085325 0.023767935 0.032488383 0.070645794
-0.3060546 0.006330443 -0.030550314 -0.14951538

