100
-0.0579023 0.24863675
0.12904215 -0.22749132
-0.15245685 0.02062554
0.16890387 -0.14047468
-0.22569814 0.127564

0.09191455 -0.08526384
-0.047745466 0.10941032
-0.080283985 -0.087356746
0.01953459 -0.030104417
0.050021432 0.24284096

0.116528355 0.024747964
0.07498616 -0.112356044
-0.07883918 0.09021194
-0.09639679 0.09786509
-0.09410457 0.0833563

0.07751168 -0.0843952
-0.019990338 0.19614542
-0.09421214 -0.32552052
0.067236975 -0.21537848
-0.17268807 -0.19368057

-0.2856811 -0.1752987
0.15498638 0.087529436
0.113970466 0.021216972
0.16911592 0.21164002
0.10584374 0.038234033

0.10019334 -0.08301996
0.2539866 0.23089299
0.12279272 0.13786457
-0.006640346 -0.2961342
-0.2068156 -0.07916889

-0.018937474 0.093677774
0.14869471 0.10651969
0.20283933 -0.46090585
0.07815175 0.08558032
0.038233362 -0.06392177

0.35797387 0.045352045
-0.10113234 -0.060791586
0.037495755 -0.083066314
-0.19246167 -0.20195802
-0.036474895 -0.3657468

0.17913322 0.06935685
-0.38941786 -0.18959612
-0.119162664 0.09918511
-0.122636504 -0.087143324
0.086672336 0.2071301

0.08416836 0.1574211
0.09505496 0.2322409
-0.060039125 -0.17668259
-0.11964346 0.30112186
-0.059358213 0.13178857

-0.08404187 0.14494805
0.113275535 -0.021511288
-0.060901463 0.24437584
0.052145574 0.16113299
0.0907262 -0.36585003

-0.012283492 -0.1822908
-0.023618367 0.03884627
-0.31681958 -0.56969947
-0.055569705 0.029377079
-0.10048154 -0.2848074

-0.10470809 0.34546423
-0.11209614 -0.04865725
-0.13776909 -0.077096775
-0.15528832 -0.08566736
0.005400525 -0.061415616

0.11539618 -0.027073931
-0.09331178 -0.017835975
0.053896286 0.29243237
-0.08030996 0.0014101255
0.085940555 -0.0013333501

0.11303297 -0.35493276
-0.13704942 -0.11195067
-0.0535595 0.10457659
-0.07184467 0.23245774
-0.14147203 0.07625518

-0.13029043 0.16750655
0.28847036 -0.13133593
-0.0031613272 0.13752808
0.3203925 -0.0983776
-0.041014638 0.25136316

-0.09892148 -0.0064188424
-0.046959657 -0.06725719
-0.31010216 0.20642813
0.08661271 0.011355564
0.18183616 -0.27249664

0.057231575 -0.19995509
0.039648186 -0.15566994
0.16661102 -0.16947554
0.13636713 0.0008899156
-0.07454852 0.006711919

0.34417072 0.14409648
-0.04008498 -0.16591918
0.2324186 0.0062563745
0.4023756 -0.05548381
0.116585836 -0.3119551

0.30963942 0.17902215
0.34305778 0.1523107
0.16832641 0.36359528
0.25662345 0.47526821
-0.19947422 -0.11257225

-0.18579823 0.07429303
-0.13328402 0.14681378
-0.096260235 0.1661898
-0.11644113 0.20488748
0.20745492 -0.043563433

0.28172576 -0.13671507
0.27471554 -0.14673977
-0.23709717 0.15118302
0.21834901 -0.21544905
0.11778436 -0.11436167

0.1849249 0.21184751
0.0027882752 -0.24806282
-0.20075266 -0.3214523
0.17557748 0.033230234
-0.23097591 -0.22912246

0.05858884 0.10175776
-0.13122213 0.15427777
0.028957114 0.05356295
0.0059795883 -0.0011133561
-0.18221228 0.24346778

0.17900349 -0.07460533
-0.17244563 0.040967938
0.32919732 0.10348881
-0.09517364 -0.07123827
0.08283135 0.32812434

0.025725422 0.1748868
-0.013968612 0.070501305
0.1359964 0.00992421
-0.07597564 -0.011414042
-0.07850079 -0.09320829

-0.17963453 -0.22964492
0.083748855 -0.14831693
-0.10285024 0.0015165339
0.083881855 0.25445446
0.043791477 0.24295458

-0.06581943 -0.08534912
-0.18874508 -0.21036705
0.3652342 0.10521773
-0.24061249 -0.03730453
0.04952833 0.06567165

0.14593932 0.04569467
-0.08242731 -0.06136132
0.017614031 -0.074432336
0.020546291 0.023880342
-0.041616186 -0.064185336

0.00917054 0.03124715
0.09940091 0.08638198
0.022900455 -0.048126105
0.09256298 0.07428996
0.09375522 0.054349296

0.08485 0.018119732
-0.024102619 -0.11940448
-0.047554277 -0.15026999
-0.039563105 -0.14854096
0.043967564 0.17287765

-0.100756265 0.085586645
0.16395605 0.24419332
-0.2181131 -0.26832932
-0.0011945518 -0.08644555
-0.14205539 0.030278841

0.084129654 -0.090944745
0.26991212 -0.15952049
0.02436833 -0.19745351
0.2818656 -0.17224006
-0.12436414 0.38307613

-0.14884594 -0.12730365
-0.09336719 -0.2700737
0.08312592 -0.43505877
0.05962357 0.028321456
0.12096902 -0.3068633

0.16842918 -0.11429507
-0.08151351 -0.0031543702
0.06917567 0.23173688
-0.053043 0.3031711
0.10144751 -0.5256271

-0.099396534 0.181315
-0.19990608 0.012355227
-0.24197415 -0.34617174
0.06632382 -0.21099316
0.28075194 0.1679815

-0.021109216 -0.11878269
-0.0022859778 0.008616934
0.09104746 -0.021040626
-0.058836542 0.22071953
-0.19120432 -0.037127577

0.19996215 0.10789089
-0.03532769 0.059818342
0.15516704 -0.013435806
0.26469028 0.0276029
-0.24527304 0.28709912

0.087523006 -0.123464294
-0.08613136 -0.025982108
0.0995728 -0.101198606
-0.074532904 -0.3496237
-0.25751075 0.19934072

0.065734066 0.1845381
-0.12939194 -0.041571718
0.01885447 -0.19455285
0.044042066 -0.0714053
-0.12971467 0.19879472

0.26788387 0.17668334
0.25933808 0.16970043
0.18286277 0.05149161
0.040443417 0.10422252
0.22537121 0.11117753

0.2773258 0.052348603
0.009934756 0.08226639
0.18568027 0.109080955
0.05324073 -0.024197575
0.057506174 0.05912608

0.21643864 0.24893463
-0.37634045 0.087190524
-0.006744528 0.047135785
-0.08109111 0.04875309
-0.20373024 0.3896242

0.38723642 0.21401784
0.03953048 0.049708504
0.23065694 0.039675016
-0.25676274 0.026778081
0.31750187 -0.0009940092

-0.0015621791 -0.067985855
0.031091565 -0.023233505
-0.21851975 -0.12912448
-0.2732819 -0.330665
0.08509249 0.24627182

0.01845976 0.15164535
-0.17056654 -0.11912304
-0.020870173 -0.09245117
-0.04248624 0.12039784
-0.019063968 0.0578224

-0.064575896 0.046016186
0.098063506 0.00030347076
-0.1800202 -0.18722123
-0.015126841 -0.16351134
0.065888554 0.087704785

0.27228713 -0.21372937
0.08998323 0.09807481
0.14331219 0.062139392
0.18947504 -0.16177763
0.24510834 -0.026469039

-0.078091025 0.042926196
-0.17466493 0.01719757
-0.041535217 0.003714021
0.21969129 0.04765794
0.04542457 -0.015702497

0.13415968 0.20090349
0.30251476 -0.0035061575
-0.13469708 -0.13646728
0.13620256 0.2764767
-0.14110622 0.17587815

-0.09020518 -0.058917217
-0.013802959 -0.069519475
-0.06396587 -0.22050579
0.052627638 0.22485605
-0.11930431 -0.2071702

-0.100492224 0.17596573
0.083859935 0.034037556
0.18738402 -0.0815766
0.23217686 0.013433229
0.018537316 0.04196351

0.21001098 0.21232323
0.073387295 -0.0025311497
0.21135011 -0.22423364
0.17008424 -0.2992083
0.30770394 -0.07868494

0.09133154 -0.060041025
0.12687543 -0.067984164
0.17127286 -0.0019330459
0.005385045 0.07023977
-0.24469519 0.038535234

0.20984723 0.11979427
-0.11845323 -0.34973514
0.17496973 0.17529608
0.05662416 0.17247741
0.14593095 0.09192392

0.10391163 0.14008924
-0.07139909 0.2784553
0.0632995 0.14486544
-0.06145455 0.0026196078
0.31917283 0.09014602

-0.053778417 0.18440023
0.049748063 0.0698612
0.20404528 0.13346025
-0.16290735 -0.20854469
0.16895515 0.12639995

-0.16624464 0.20764631
0.33826694 0.02052685
0.053370822 -0.059597973
0.13541667 0.37856805
-0.3262874 -0.23737733

0.08509923 0.004084855
-0.3505997 0.21405634
-0.030139001 -0.0068679205
-0.32758948 0.027020514
0.11423316 -0.024930742

0.20116845 -0.08988944
-0.07434894 0.13293746
0.0125833005 -0.02353545
0.08208453 0.053502753
-0.3546143 0.1413772

-0.09357213 0.07581127
0.032745354 0.09564465
-0.043633003 -0.05686038
0.10778828 0.07127204
-0.0683795 0.05436862

0.05719914 -0.55585736
0.11170893 -0.18209483
-0.09148342 -0.055845395
0.006768409 -0.08696043
0.09825941 0.14830555

-0.25849533 -0.08510903
0.064001024 -0.17985252
-0.2628984 0.07747178
-0.049568508 -0.1381704
-0.13336374 -0.021695793

0.23214997 0.05779825
-0.19885631 -0.12355854
-0.08265854 0.097012185
0.16194223 0.2577933
0.2781111 0.27284595

0.10716562 0.030759942
-0.11516092 -0.012766048
0.24068718 0.29815862
-0.07451157 0.05092063
0.0071788453 0.118627705

0.24402054 -0.043034717
-0.2509225 0.0027208766
-0.10586451 -0.05794838
-0.2181901 -0.12982064
-0.3907389 -0.24169463

-0.10186847 -0.05166606
0.117204435 0.11808824
0.25937715 -0.37677854
0.2521183 -0.28248373
-0.18680207 0.004143835

0.18915336 -0.19087824
-0.1255065 0.056193333
0.18453124 0.13896056
0.14081672 -0.06440954
-0.16115586 0.069291085

-0.0976783 -0.11790614
0.17308658 0.14979039
-0.18371257 0.094680995
0.067031585 0.34371656
-0.105445795 -0.29640538

-0.19772516 0.18398029
-0.060899854 -0.26312146
0.26264593 -0.08531832
-0.17338558 0.14463447
-0.119339265 0.013799171

0.1140089 -0.04877125
-0.00064683467 -0.0006938729
0.07915501 0.23181325
-0.043699197 -0.024631185
0.0043759397 0.22663909

-0.0042703277 -0.07913077
0.1355808 -0.04813033
0.14628652 -0.04226842
0.057506446 -0.30848423
-0.07598396 0.1270213

0.1806543 -0.35206762
0.07602873 -0.068799384
0.20299318 0.08742354
0.08585492 -0.16454834
-0.23441242 0.017916076

0.16983876 -0.24012077
-0.20299926 0.24912328
0.26701257 -0.37758362
-0.28612685 0.19960319
0.37736133 -0.3711348

0.30007666 -0.0049548186
-0.1800714 -0.121817335
-0.18679638 -0.39297298
-0.17289235 -0.013629496
0.037091706 0.21431865

0.24359515 0.25464314
-0.015279934 0.13453116
0.09731287 0.17188002
0.071772784 0.13784365
0.070111 -0.10894009

-0.31088436 -0.39614266
0.12957346 0.15597478
0.06808451 0.29650187
0.10285359 0.048831932
-0.2740263 -0.22759452

0.035496615 -0.115278386
-0.325522 0.050165217
-0.13779052 -0.25692102
0.056541793 -0.1292563
-0.15220512 -0.1672485

0.3439601 0.25611916
0.29550946 -0.36879873
-0.047699336 0.06156977
-0.26989374 0.24323387
-0.08972901 0.15100877

0.015835688 -0.0842993
0.017351175 -0.010296479
-0.003296517 0.2935288
0.07994725 -0.049585983
-0.18056232 -0.07329584

-0.039424554 -0.10455261
0.016426956 0.11605332
-0.046356663 -0.09001669
0.04893691 0.11688608
0.05380584 -0.019914098

-0.07377381 -0.1327588
0.2069642 -0.05528799
0.0073902346 0.07432678
-0.12571897 0.06682221
-0.10869325 0.011279268

-0.3780543 -0.11990837
0.035325274 -0.12870285
-0.19874944 0.21044832
-0.21989226 0.12654613
0.029999427 -0.03565516

-0.1099182 0.17445283
0.13867496 0.0154652335
0.06859913 0.21661326
-0.10298108 -0.33295715
0.17265134 0.2949599

0.005124016 0.021963019
-0.08857739 -0.16246404
0.0019561488 -0.16310848
-0.15266056 -0.25292262
0.05941388 0.19680741

0.26458272 0.015025824
-0.10233868 0.013355933
0.047251604 -0.0022207452
-0.27048242 -0.0077687195
0.056336835 -0.07178554

-0.2055146 -0.10601423
0.044109803 0.1808527
-0.023748312 0.098150454
0.18780766 -0.017618954
0.11431148 -0.022201857

-0.16919154 0.052558254
0.038800456 -0.024260813
0.002864699 0.14410101
0.30722398 -0.25845152
0.07913779 -0.101070374

0.059109204 -0.039266124
0.07335504 0.104045905
0.24354802 0.1833597
0.06052399 -0.14783488
-0.21010323 -0.18821631

0.15188725 -0.27857715
0.3873862 -0.42194027
-0.06480847 0.03561123
0.17996126 -0.24879351
0.06298958 -0.09120856

-0.28618833 -0.28309393
-0.09197188 0.14741388
0.07616652 0.106417485
-0.01188104 0.14920996
0.24271788 0.045901723

0.19196138 -0.23636311
-0.07000313 0.049973916
-0.3058983 0.2778585
0.25498894 -0.29946804
-0.3432996 0.37671262

0.06189951 -0.09289229
0.1639448 -0.040170193
-0.1447121 -0.1498691
-0.04870726 -0.07649522
-0.13362363 -0.22485624

-0.09304047 -0.20952515
0.14909847 0.1722274
0.034986056 0.07086211
0.22012638 0.12253699
-0.05185242 -0.16271201

0.06954541 -0.30249384
0.31135625 0.014555859
0.08261003 -0.062230803
-0.16760176 0.23566288
-0.083311096 -0.02179068

0.007384441 0.060053162
-0.18222265 -0.25060374
-0.29919797 -0.0763178
-0.0044630556 0.33969462
0.2577543 -0.042270083

-0.1899272 0.029398693
0.02514061 0.16421363
0.06638745 0.15931346
0.059006527 0.15760285
-0.044284094 0.17366028

-0.24219711 -0.020857146
-0.07893978 -0.037573505
-0.3052497 -0.038523626
0.10807758 -0.18961093
0.194002 0.09695809

-0.24216819 0.26728985
-0.040601842 -0.003348566
-0.08396288 -0.22704963
-0.16842851 -0.09853678
0.20437355 -0.046938345

0.043628104 -0.10175348
-0.5168249 0.042321574
-0.22472961 0.07964075
0.2085325 0.023767935
-0.3060546 0.006330443

