100
0.06676928 0.028170696
-0.10788353 -0.14580582
-0.0074277967 0.10149829
0.08462911 -0.04329144
0.013532592 0.0804999

0.10205237 0.013618366
-0.0847013 -0.076280974
0.01937521 -0.12115623
-0.0287031 0.39336154
-0.16738275 0.24152274

-0.026462201 0.14345758
0.06613553 0.10006002
-0.06272405 -0.06285172
0.040987328 -0.10942382
-0.124019966 -0.20919418

-0.08853558 0.0670082
0.18818498 0.16374925
-0.057785027 -0.34487346
0.084879436 -0.2606349
-0.029602002 -0.25159243

-0.06757374 0.07929561
0.10561318 -0.073184706
0.41289464 0.1806635
-0.090282455 -0.075553104
0.2134822 0.058800817

-0.14957188 -0.08949858
0.1057527 -0.35419458
0.10971646 -0.18460353
0.010810174 0.06295769
-0.106774196 0.28901386

-0.13059229 0.15658061
-0.1771194 0.4067876
0.528705 -0.09902999
-0.22086883 0.47427043
0.06674506 0.29219356

0.29487875 0.025570195
-0.061727237 -0.23473835
-0.1310222 -0.122335225
0.16293186 0.0991919
0.25606275 0.25400978

0.03999789 0.10528628
-0.24099842 -0.08320332
-0.21476485 -0.18831521
-0.050761256 0.0069768107
-0.037171587 -0.18236907

0.0100878235 -0.2727346
-0.05193663 -0.1796756
-0.060717713 0.30956566
-0.1090431 -0.106420346
0.15807863 -0.19923624

-0.0808662 0.074402094
-0.07320166 -0.2357111
0.05507642 -0.26901257
-0.13098362 -0.30577776
-0.10066942 0.25617042

0.029098978 0.04602936
-0.052571274 -0.045270212
0.2689197 0.35895264
-0.07490167 -0.069280274
0.15657371 0.17402326

0.07615156 0.28602985
0.22033307 -0.1287142
0.11822179 -0.05320155
0.010115087 -0.030798199
0.06048115 -0.09821114

0.0116339065 0.06697439
-0.2980809 -0.28361973
-0.21312378 -0.28463915
0.21878892 0.11708358
0.36757863 0.304299

0.18980369 0.09895303
0.21421987 -0.08141914
-0.15769027 0.057760924
-0.15142748 -0.018767914
-0.05425462 -0.057999633

0.02938737 -0.10320559
-0.19856347 0.116245545
-0.22564915 0.026408697
0.12723929 0.0990387
0.07447948 -0.0031732915

-0.17026608 0.33377993
-0.20106733 -0.0053231497
0.03845562 0.033275742
0.1652946 0.06939639
-0.24964187 -0.033776682

0.06433055 0.13947383
-0.22638999 0.15056399
-0.078885324 0.05712525
-0.123572886 -0.0059004007
0.18260404 -0.07015449

-0.003363978 0.030897498
-0.27330762 -0.24826407
0.10890085 0.12903835
0.2902265 0.7455432
0.3015816 0.20721081

-0.48563972 -0.099206604
-0.14081576 -0.28453487
0.36195472 0.08987051
0.1141513 0.08586799
-0.040948983 0.40787956

-0.026247432 -0.033417303
-0.027774114 0.09679326
-0.14876474 0.05637203
-0.15646094 0.078774184
0.1982157 0.24020465

-0.07782304 -0.1484683
-0.02987891 -0.28851634
0.025263952 0.008407048
0.060622934 0.0178295
0.021898966 -0.029424543

0.14922237 0.1323871
0.210799 -0.09752705
-0.04441346 -0.16510639
-0.1337492 0.090111524
0.056523178 -0.10549795

0.04089608 0.104414806
-0.053818993 0.015600251
0.17540565 -0.12067082
0.20479606 -0.24033342
-0.0312714 0.0052738716

0.0795997 -0.19505441
0.057612523 0.018898185
-0.123314545 -0.16953556
0.11895313 -0.03731398
0.19738321 -0.32088104

-0.3536764 -0.24205562
0.20594098 0.2359215
-0.060324915 -0.13338165
0.01165127 0.05710529
0.07767049 0.11506491

-0.048308108 -0.2500025
-0.044146262 0.091939606
0.04350248 -0.064226925
-0.37781426 0.29521194
-0.12460548 0.06540682

-0.06600598 0.11290954
-0.029659033 0.12344272
0.24896763 -0.22362795
-0.1562304 0.08261354
0.157224 -0.1771692

0.027479209 -0.004076367
0.12970607 0.03400367
-0.052025914 0.14771476
0.15229218 -0.11501146
-0.09355393 0.096985646

0.11919699 0.068388104
0.04279335 0.30384985
-0.15180708 -0.15233004
-0.030161072 0.24572413
0.087156095 0.05222575

-0.14092925 0.15335451
0.012837024 0.23725064
0.027558895 0.25346413
0.039671876 0.22599858
-0.03668762 -0.28150484

-0.13258104 -0.069262855
-0.40924826 0.2958702
0.4445644 -0.32268658
0.19950761 -0.024790276
0.21669707 -0.4013447

0.11934034 0.042560924
0.12781815 0.04398001
-0.07686977 -0.024241814
0.22272325 0.07930761
-0.12917134 -0.28375354

0.0621218 0.3300772
-0.08101692 -0.26894295
0.13913321 0.01645051
0.08914462 -0.060609054
0.13398026 0.09425333

-0.31724015 -0.04767664
0.25928134 0.030071296
-0.1409744 0.27496466
0.009049046 0.23503825
-0.017135363 -0.4122191

0.03596421 0.044000193
0.029955357 0.08271808
-0.013221013 0.031344194
0.15744554 0.22656421
-0.03382649 -0.09966853

-0.09359118 -0.03541043
0.008096011 -0.2764931
-0.17965755 0.060556058
0.26756433 0.051254172
0.20309812 -0.3351468

0.24917018 0.11234096
0.15474181 -0.18994646
0.13496044 -0.041576166
-0.17271219 0.5117429
-0.01146581 0.1904655

0.026025832 0.44866028
0.025884185 0.44857624
0.14638257 0.34483233
0.28088912 -0.33093143
-0.048049852 0.061616857

-0.16326791 0.1543859
0.022273272 -0.10446978
0.18968973 -0.20421733
-0.060189843 0.23298368
-0.22335751 0.08078216

0.0820366 0.030959502
0.004385152 0.14120047
-0.065428115 -0.079248935
-0.019273918 0.2880115
-0.046539046 0.01614441

-0.17033337 -0.105224416
0.11956629 0.054060746
-0.004682584 -0.01793959
-0.07440261 0.026088282
-0.036790546 -0.042545788

0.011409122 0.07710406
0.1693041 -0.024458151
-0.06663891 0.04883643
0.25298196 0.08558514
0.042740807 0.13891499

0.11076261 0.013012847
0.3566461 0.1279884
-0.42128116 -0.08446162
0.008546718 -0.06773016
-0.20780663 0.23345876

-0.07722857 -0.2853895
0.121540174 0.114775896
0.11236667 0.12098525
0.14198637 -0.18073553
-0.20221171 0.06566846

-0.00018080343 0.010043526
-0.12008867 0.02307515
-0.17671323 -0.08753685
0.052951574 0.053152613
-0.18182059 -0.16076533

0.13638991 0.01913147
-0.39352715 -0.03733966
-0.136597 -0.021174213
-0.098052956 -0.16035146
0.19798939 -0.09841429

-0.15454546 -0.023473853
-0.070395984 -0.004773261
-0.21814394 -0.10301013
-0.014155838 0.076991364
-0.11818668 0.049406998

-0.23228893 -0.12373589
0.027609508 -0.0038471173
-0.17909092 0.021631187
-0.12676017 -0.24996632
0.17964518 0.029165007

0.106631935 0.23402114
0.36720017 -0.021486925
-0.10656783 -0.11410032
-0.046175875 0.15346286
-0.27796483 0.04093371

0.34791657 -0.18688884
0.1574154 0.07385856
0.060205612 -0.0024577384
-0.12678054 -0.09530487
0.19245082 -0.097888924

-0.099453546 -0.18650952
0.14064126 0.14088239
0.07752592 0.0858832
0.11845666 0.056473278
0.061600216 0.109549776

0.12954104 0.23613559
-0.17499204 -0.025663491
0.122866094 -0.15363568
-0.052455954 -0.008055382
-0.13086016 0.2179977

-0.008937729 -0.2790724
0.041951444 -0.2598483
-0.027519695 -0.27713448
0.032263 -0.18226266
0.014639334 0.31234527

0.010131348 0.13642085
0.012302745 -0.07524138
0.08548162 0.018850269
-0.17065 0.3954906
0.024726402 -0.092180155

-0.1554432 0.12380994
0.132435 0.16245355
-0.07937139 -0.10012738
0.16693155 0.23809028
-0.43240187 -0.116452515

0.058017936 0.07323645
-0.12905325 0.11879535
-0.008569104 0.25842574
0.111061476 -0.21735674
-0.102324195 0.27819338

-0.07720595 -0.2295348
-0.1570962 -0.07714842
-0.121068306 -0.15611748
0.09606033 -0.28310844
-0.045675196 0.12246136

0.033677332 0.10944451
0.13064317 -0.38179275
-0.077176616 -0.1055177
0.07308023 -0.35061592
-0.13171047 -0.25593692

-0.10145946 -0.11359762
0.18932104 0.30753708
-0.14574975 -0.02473288
0.014987322 0.24324183
0.17631833 0.21763672

0.15607928 -0.0141215045
-0.042345125 0.054895986
0.21460228 -0.054650243
-0.0035999077 0.055496246
0.028363736 0.093947865

-0.23700278 0.048210487
0.00758481 0.17731167
0.060693808 -0.005259964
0.20358467 0.19418445
0.28192747 0.25375172

-0.095532425 0.0036427143
-0.14560649 0.2169521
0.052835602 -0.09141391
-0.104604624 -0.036908276
-0.11826096 0.088879034

0.25488776 -0.011838973
-0.2661842 -0.15646349
-0.21164276 0.106016524
0.04805637 0.2116726
0.18117039 0.16645311

-0.12650721 -0.006715878
0.04511286 0.10235706
-0.13542376 -0.3423562
0.21088547 -0.25043467
-0.12576962 -0.08749629

0.06930504 -0.02861129
-0.017223578 0.03191965
0.04897083 -0.04209111
0.06821651 -0.003268107
0.17120995 -0.10985586

0.39723638 -0.08861277
-0.029379722 0.1034919
0.16350916 0.41566843
0.06163423 0.41805902
-0.08905774 -0.2520564

0.0710659 0.048689067
0.13145362 -0.2937831
-0.3265467 -0.040687535
-0.081282645 0.27557266
-0.012846478 0.06620833

-0.15447704 -0.048456732
0.2767093 -0.120638825
-0.04946477 -0.010866403
0.3420172 0.027112452
-0.30494484 0.0517962

-0.0953255 -0.27578247
-0.26712716 -0.07428257
0.002155755 0.17065714
-0.08166462 -0.08791785
-0.15658209 -0.1293493

-0.0700059 -0.03829491
-0.31487244 0.01868793
0.12932652 -0.16515714
0.22149485 0.115168035
-0.07048608 -0.14557885

0.128998 0.30925205
-0.0019111745 -0.17614537
0.15899204 0.16966683
0.1417553 -0.3791802
-0.1817198 -0.31038055

0.07622605 0.07184077
0.5252732 -0.30368719
-0.016964331 -0.074245945
-0.288301 0.37702408
-0.067874506 0.16526026

-0.11370347 0.15278433
0.13447778 0.09482121
-0.1609716 0.16761623
0.3614209 0.02591404
-0.31588742 -0.09883607

-0.21376878 0.19678034
0.16332951 0.048327703
0.020184482 -0.23042536
0.22147828 0.1572079
0.029680716 0.07628394

-0.3199293 -0.31104678
0.00935085 -0.11407079
-0.14003074 -0.07547235
-0.12622678 -0.04246022
-0.103810236 0.0613614

-0.14868522 0.040950857
0.009178392 -0.107244484
-0.032406222 -0.24878277
0.0703127 0.15726298
-0.26781344 -0.05328329

0.15260442 0.090925045
-0.23081303 -0.033615824
-0.17486131 -0.14506909
0.22711661 -0.111213885
0.03537361 -0.35965133

-0.15462288 0.042856142
0.22354768 -0.6312346
-0.04611251 0.21486089
-0.13836463 0.50093114
-0.088430464 0.36680248

0.29096702 0.3258792
-0.15559568 -0.17240831
-0.13113482 -0.2576235
-0.0048980117 -0.026140284
-0.03406863 0.07672274

-0.058629088 0.12698524
0.14736502 0.09713037
-0.06717512 -0.031477258
0.04507087 -0.20711203
-0.09369002 -0.073090255

-0.18725961 0.11276627
0.13103929 -0.1395852
0.36047852 -0.28731754
-0.15053938 -0.07291702
-0.040965755 -0.07700803

0.21549812 0.029653031
-0.02669151 0.07089486
0.23838945 -0.17221598
0.2610985 -0.11569368
0.0497323 -0.06181791

0.22706787 0.03857073
-0.15669097 -0.08424918
0.047340795 -0.078993455
-0.12109737 0.1446462
-0.13520634 -0.06577714

-0.11944474 -0.101099
-0.017136801 -0.071874276
0.05757801 -0.24633448
0.38790655 0.15014905
-0.29137796 0.047130883

0.06757354 -0.12084374
0.037838075 -0.08786408
0.0002511607 -0.038162608
0.055298585 0.11364197
-0.16301495 -0.008237294

0.45247445 0.13685432
-0.14584441 -0.019480446
-0.08417957 0.008084131
-0.035289213 0.11422486
0.009520318 0.16375211

0.054274257 -0.11793855
-0.0985609 0.099602625
0.10119675 0.36705047
-0.28787673 -0.1687283
-0.01415252 -0.045006573

0.121587954 -0.0143575985
-0.037373524 0.08486639
0.009541109 -0.047440503
0.11712391 -0.19368897
0.034993846 0.3218962

0.49664524 0.01590228
0.24636225 -0.021163069
0.03805209 -0.14868721
-0.025794644 -0.1728217
0.14507733 -0.10000367

0.008559951 -0.21404567
0.07560319 -0.07625199
-0.06023154 0.12839416
-0.13011599 0.15250526
0.029708352 0.0900536

0.1474837 -0.11516331
0.121648856 -0.23990703
-0.10127853 0.008083167
0.19054824 0.05300202
0.15180488 -0.28016195

0.14232898 0.2847866
0.021095932 0.23962645
-0.17148998 0.059380475
0.12586012 0.1602635
0.091673985 0.25249857

-0.060858864 -0.015020027
-0.14183454 0.047753725
0.2120931 -0.020944115
-0.049021486 -0.023697523
-0.12685132 -0.015088561

-0.26000628 3.9522147e-05
0.07370461 -0.18997858
0.15579286 0.11540587
0.0763779 -0.019788802
0.11259575 0.19843999

0.00527512 0.02281582
0.46678245 -0.26067546
0.1498822 -0.30740455
-0.4109955 0.07077489
0.06270782 0.31092367

0.033461172 -0.15815262
0.047577422 0.07622909
0.18681452 0.33738708
0.13290448 0.23734415
0.19489275 0.20728935

0.044011228 0.041193403
0.007102062 -0.090000235
-0.014816149 -0.20461904
0.015849007 -0.13315153
0.0633505 0.18480171

0.2492193 -0.19225551
-0.11966962 0.17007992
0.00048598443 0.141028
0.27093476 -0.18299656
0.20111303 -0.1778807

0.07453312 -0.02420969
0.12829825 -0.0446709
0.025969 0.1602874
0.032488383 0.070645794
-0.030550314 -0.14951538

