0.190968 0.200362 0.254768 0.488318
-0.257333 0.413877 -0.337108 0.031612
-0.090021 0.211763 0.274371 -0.016801
-0.352983 0.013593 0.323134 -0.225414

-0.269592 -0.102341 0.307145 -0.371790
0.137263 0.136457 0.343559 -0.378624
-0.388394 -0.093415 -0.364937 -0.084689
-0.477196 0.375997 0.366733 -0.256636

-0.193873 -0.193119 0.212109 0.210391
0.232352 0.296891 0.004459 -0.045444
-0.268828 0.303723 -0.131915 0.090294
-0.325601 -0.055974 0.134797 0.379011

0.254575 -0.160232 -0.171158 0.266845
0.066014 0.488405 -0.316046 0.161781
-0.218011 0.149518 0.214094 0.276243
0.414277 0.408005 -0.286566 0.125007

-0.253701 -0.007406 0.330754 -0.198560
-0.150100 -0.368890 0.496407 -0.019307
0.432940 0.335713 0.276727 -0.456332
0.411457 -0.047897 0.151865 -0.217337

-0.497885 0.208326 0.156951 -0.188713
-0.048765 -0.478250 0.375825 -0.230901
-0.251941 -0.047783 -0.223022 0.127521
0.494117 -0.126564 -0.166104 0.356098

0.298132 -0.093471 -0.223607 0.368045
-0.224865 0.427776 -0.145013 -0.348709
0.391545 -0.498447 0.191684 0.287782
-0.424521 0.481149 0.098032 0.477701

-0.136161 -0.464643 -0.302525 -0.314792
0.341325 -0.405039 0.323989 -0.394336
-0.335743 0.139243 -0.074186 -0.466830
0.083333 0.382823 -0.241378 -0.325474

-0.405560 -0.186379 0.363625 0.229799
-0.358078 -0.068081 -0.079543 0.253488
-0.284242 -0.068936 0.349604 -0.170274
0.236063 -0.170412 0.391490 0.027609

-0.200867 -0.076101 0.434324 0.328206
0.464518 -0.480985 -0.026079 0.009522
0.138118 0.349036 0.047408 -0.205657
-0.438211 0.457957 -0.278203 0.211049

-0.081956 0.234007 -0.033607 -0.116073
-0.204099 0.083116 -0.258287 0.457032
-0.084635 -0.415392 0.024175 -0.212292
0.473007 -0.075649 -0.165020 -0.266161

0.204954 -0.066278 -0.399208 -0.032679
0.299657 -0.489581 -0.336946 -0.183811
-0.075342 -0.288572 0.421512 0.417783
-0.159185 -0.147604 0.417911 0.403127

-0.356444 0.245417 -0.343433 0.296796
0.260749 -0.314868 -0.304798 -0.394959
-0.250557 -0.167686 0.200756 -0.367772
0.375273 -0.335903 -0.329416 -0.203496

-0.373260 -0.122578 0.205011 0.087752
0.226823 -0.129762 0.307367 0.218460
0.310244 0.479750 0.499989 -0.443963
-0.026946 0.476642 0.360509 -0.354449

0.014301 0.004000 -0.138426 -0.473017
-0.175736 0.257134 -0.457174 0.224149
-0.307938 -0.084071 0.408996 -0.305648
0.430002 -0.471715 -0.020775 0.083625

0.432805 -0.089055 0.393354 -0.359287
-0.430663 -0.334283 0.357325 0.379129
0.195781 0.309533 0.395285 0.422985
0.050255 -0.000394 0.039231 -0.232586

-0.229555 -0.279901 -0.229704 0.410007
0.495183 0.041750 0.257203 -0.395192
0.216057 -0.150399 -0.411076 -0.004616
-0.139175 -0.232793 0.345682 -0.487981

0.012121 0.031193 0.357025 -0.420291
-0.422487 0.135727 -0.077482 0.037708
-0.460060 -0.427211 -0.053609 -0.101851
0.371176 0.012781 -0.124117 0.022439

-0.472102 0.318299 0.221340 0.386877
0.164007 -0.342224 -0.493655 0.272195
-0.473585 -0.268577 0.071338 -0.046980
-0.453827 -0.417797 0.444662 0.492228

-0.271975 -0.396674 -0.418084 0.216638
0.180642 -0.423373 -0.484344 0.215680
0.461186 0.461567 -0.481728 -0.461281
0.432958 -0.335545 0.366702 -0.149455

0.280835 0.377948 -0.194536 0.266269
-0.158367 -0.347987 -0.277975 0.197478
0.369008 0.368507 0.115878 -0.447614
0.336931 -0.009394 -0.394941 0.049083

0.401009 -0.200448 0.324076 0.326707
-0.440164 0.007755 -0.365243 0.005310
0.197166 0.127332 0.106165 -0.308037
-0.168484 0.438876 0.002105 0.004834

-0.281748 -0.242993 0.066299 0.137570
-0.471181 0.395656 0.398694 0.312389
0.474012 -0.388297 0.242758 0.344698
-0.302109 0.040986 0.252451 0.011791

0.241841 -0.282990 -0.241303 0.122107
-0.391284 0.397009 0.493534 0.147633
0.368297 -0.250672 0.218049 0.023735
-0.449886 0.233579 -0.173899 0.228700

-0.450139 -0.440118 -0.079324 0.024404
0.461211 -0.095752 -0.447493 0.054453
0.251121 0.046103 -0.491417 -0.438220
-0.025481 0.462561 0.396309 0.296077

0.038743 -0.144459 0.480933 -0.279045
0.467092 -0.410976 -0.339638 -0.289094
-0.433412 -0.184216 0.178311 0.125697
-0.272816 -0.183441 -0.320283 0.153794

-0.276025 0.161048 -0.418858 0.288543
0.076692 -0.069264 0.157461 0.488625
-0.056373 -0.467860 -0.387518 -0.119267
-0.347740 0.136519 0.055047 0.359228

0.425026 -0.350557 -0.147531 0.317497
-0.009734 -0.291984 -0.007001 0.183882
0.491433 -0.018790 0.264199 0.095242
-0.367594 0.085916 -0.291902 -0.171810

0.132977 0.002483 -0.004725 -0.386599
0.144422 -0.056325 -0.062844 -0.092043
-0.458355 -0.470546 0.122104 0.492727
-0.349482 0.343395 -0.216104 0.099823

-0.136257 -0.388921 -0.492583 -0.218016
-0.060465 0.020535 -0.158523 -0.051733
-0.463460 0.127476 0.025782 0.002062
0.233364 0.477499 -0.139179 -0.098309

-0.118982 -0.036544 0.150822 -0.186656
-0.119422 -0.065649 0.025171 -0.365557
0.154335 0.075305 -0.273359 0.252929
-0.025720 -0.054079 0.226692 0.438948

-0.401169 -0.165850 0.013314 -0.192764
-0.201652 0.056884 -0.484036 0.102202
0.256238 -0.006601 0.339257 0.370442
-0.295945 0.288968 0.239561 -0.445196

0.298596 0.268436 -0.353335 0.240379
-0.404355 0.206754 -0.383715 -0.406417
0.177430 0.077931 -0.335137 0.293304
0.480594 -0.443600 0.132427 0.189831

-0.364788 -0.194426 -0.079428 0.003537
-0.253824 0.258000 -0.486653 -0.480180
-0.104897 -0.301525 -0.220876 0.392168
0.496107 -0.461697 -0.207686 0.209643

-0.255115 0.165005 -0.083242 -0.047094
0.420159 0.401622 0.208249 -0.385983
0.042681 -0.496627 0.473586 0.213330
0.111463 0.386995 0.274093 -0.439177

0.030753 -0.477214 0.109970 0.137993
0.377698 -0.161773 0.312801 0.499284
0.281060 -0.226815 -0.172848 -0.079384
0.394225 -0.236335 -0.148821 -0.250178

-0.057054 -0.413790 0.049881 -0.046540
0.378205 -0.177936 -0.097737 0.202473
0.387582 0.471741 -0.192863 0.138663
-0.235146 -0.499657 -0.386696 0.123974

0.344281 -0.370921 0.459683 -0.449875
-0.329143 0.231055 -0.192072 -0.098700
0.038896 0.357933 0.274744 -0.041689
-0.337009 -0.461144 -0.000289 -0.496619

-0.449713 0.342802 0.050303 -0.245906
0.188065 0.460485 -0.473374 0.220868
-0.488539 0.254321 0.339912 0.245692
0.433305 0.421527 0.488146 -0.343951

-0.480062 -0.067643 -0.227897 0.335560
0.040368 0.332358 0.158958 -0.067440
-0.225599 -0.450161 -0.214465 -0.260623
-0.252234 0.033729 0.323283 0.431505

0.374576 0.402773 0.267153 -0.397937
0.022297 0.262879 0.232849 -0.069944
-0.234763 -0.120987 0.127345 0.007667
-0.313937 0.131719 0.357895 0.484451

-0.271828 0.015063 -0.372113 -0.303008
-0.193506 0.022973 -0.243845 0.191901
0.125157 0.071991 -0.125182 0.426603
-0.203369 -0.360906 0.190635 0.227986

0.460252 0.121499 -0.335680 0.424149
-0.109867 -0.379476 -0.472908 -0.062895
0.347114 -0.278563 0.346283 -0.365537
0.145413 -0.044354 -0.149132 -0.193314

-0.490877 -0.239781 0.156312 0.457045
0.135481 0.014581 -0.306238 0.385635
-0.260964 0.161023 -0.455752 -0.330827
-0.310764 0.318016 0.056475 -0.070010

0.297465 0.468073 0.165693 -0.304421
-0.029979 0.124317 0.454061 -0.295105
0.050931 0.245262 -0.434123 -0.038258
-0.307061 0.268804 0.039114 -0.355661

0.059261 0.147229 -0.426418 0.087810
0.258561 -0.074266 -0.425560 0.290923
-0.152322 0.167836 -0.396400 0.408855
0.164855 0.291995 -0.072085 0.448112

0.387711 0.239851 -0.030005 0.345003
0.193138 0.402479 0.026236 0.235003
-0.087205 0.455598 -0.446217 -0.164239
-0.262847 0.066530 0.027185 0.066222

-0.242570 0.334609 0.356354 -0.012893
0.275835 0.149418 -0.229827 -0.014757
0.206895 -0.347632 -0.094444 0.185580
-0.147700 -0.006041 -0.086147 0.254856

0.184955 0.167057 -0.422668 -0.236889
0.038426 0.026216 0.055298 -0.106928
0.090708 0.160979 -0.015809 0.499233
-0.177075 -0.222883 -0.043442 0.485786

0.185008 0.470357 0.464689 0.188419
-0.127714 0.349039 0.188151 -0.262776
0.437231 0.235960 0.461514 0.247066
-0.033917 -0.299198 0.245368 -0.499105

0.059828 0.193620 -0.064791 -0.099984
-0.133210 0.148036 -0.400156 -0.434877
-0.176577 -0.131955 -0.309870 0.309127
0.462657 0.338557 0.105276 0.179391

0.238532 -0.068360 -0.022640 -0.420903
-0.048025 -0.196753 -0.370413 0.275169
0.194287 0.442223 0.094212 -0.094325
-0.338522 0.065615 -0.053803 -0.262178

-0.387001 -0.381909 0.224667 -0.432797
0.122039 0.249676 -0.318762 -0.402481
-0.263584 0.348042 0.377270 -0.282271
-0.165438 -0.101326 -0.387750 -0.225732

0.095943 0.492478 -0.322693 0.286722
-0.030138 -0.296193 -0.268997 -0.057331
-0.117634 0.147819 0.170071 0.435419
0.332454 -0.490385 0.465323 -0.373846

0.151456 0.250260 -0.268412 -0.265616
0.291424 0.418274 -0.293297 0.131037
-0.262248 -0.045480 -0.234874 -0.147564
0.424475 0.366740 0.346873 0.125353

-0.271196 -0.341450 -0.185957 -0.101987
0.034866 -0.450154 0.023934 0.324219
0.370965 0.432730 0.156760 0.331215
-0.220213 0.040838 0.395034 0.325063

-0.016579 -0.065520 0.282481 -0.357508
0.131661 -0.212800 0.461514 0.170015
-0.475842 0.259148 -0.040421 0.084194
0.260378 0.213991 0.229739 -0.295091

-0.182977 0.237514 -0.499800 0.320877
-0.147469 0.458858 -0.269227 -0.222597
-0.377139 -0.022720 -0.126983 -0.301623
-0.231699 -0.125354 0.313976 0.230828

-0.215925 -0.322856 0.300519 -0.364228
-0.348871 0.115366 -0.431900 -0.293612
0.164563 -0.021353 -0.268891 0.129036
0.478992 -0.453433 0.039754 -0.210482

0.348596 -0.455967 0.359083 -0.191178
-0.194035 -0.076329 -0.208094 0.169171
-0.056992 -0.090400 -0.184443 0.336866
-0.391374 -0.452884 -0.469826 0.294946

0.084925 0.019837 0.024707 0.376558
-0.000289 -0.218020 0.260964 -0.425203
0.460731 0.011498 -0.312583 0.441712
0.054891 0.002876 0.217597 -0.203959

-0.351864 -0.041694 0.060999 -0.445857
-0.488858 -0.423418 -0.449399 0.037103
0.230263 -0.328025 -0.475993 0.099899
0.367991 -0.276749 -0.176277 -0.040209

-0.482450 0.269097 0.281222 -0.433014
0.155817 -0.076060 -0.071477 -0.280497
0.213934 0.148021 0.070533 -0.324107
-0.476145 -0.202195 -0.372057 0.196013

0.200971 -0.320138 0.373424 0.068353
0.462612 -0.319148 0.280638 -0.388670
0.001094 -0.304138 0.168410 0.456640
0.442112 -0.374556 0.009945 -0.355161

0.413069 -0.068141 0.406585 0.092704
0.349840 -0.120868 0.432169 -0.349628
-0.044289 -0.143079 -0.427275 -0.285775
-0.004425 0.464807 -0.381083 0.448367

0.140040 -0.210176 0.322745 -0.492064
0.218889 0.439355 0.130896 0.039058
-0.174369 -0.302095 0.033201 0.094608
-0.208117 0.252506 0.037230 -0.265601

-0.027810 0.172475 0.394908 0.273512
0.448241 0.037515 -0.271567 -0.234493
-0.108826 -0.056767 -0.349578 0.498366
-0.225913 0.296314 0.465141 0.381128

0.206205 -0.310276 -0.293058 -0.175098
-0.429716 0.054634 -0.199929 -0.354575
0.411493 0.390960 0.303634 0.478171
0.145494 -0.357075 0.359216 -0.258781

-0.231163 0.437060 -0.021065 -0.067185
0.454918 -0.033893 0.337624 0.361198
0.282408 0.358707 0.095038 0.345861
0.082575 -0.283352 0.345254 -0.263820

0.463073 -0.212425 -0.302922 0.232173
0.017487 -0.351396 0.267475 -0.486574
0.471680 0.080849 0.400739 -0.222374
0.439592 -0.010299 -0.291060 -0.046650

-0.208541 0.062410 0.001855 0.035853
0.106423 -0.269537 -0.411626 -0.029766
-0.452771 -0.298290 0.186703 -0.429721
0.091250 0.009615 0.395142 0.118526

0.268152 0.461355 -0.235709 -0.157117
0.265184 0.126081 0.451339 0.309747
-0.096760 0.167561 -0.383872 -0.069748
-0.355515 0.448105 0.230045 0.334237

0.013651 -0.337167 0.248531 -0.281184
-0.267784 -0.085296 -0.493006 -0.403001
0.161424 0.396168 0.484835 -0.330185
-0.275758 -0.165566 0.043511 0.450647

0.094522 0.401084 -0.087228 -0.470259
0.018267 -0.474006 -0.056351 0.474920
-0.392628 -0.304922 0.160075 0.432486
-0.009256 -0.237095 0.339746 -0.341161

-0.013114 -0.433644 0.382424 -0.063967
-0.392072 -0.302739 0.319096 -0.455838
0.075965 0.143300 -0.357917 -0.179043
0.315878 -0.454186 0.027391 -0.464091

0.387070 0.344832 -0.135899 0.111561
-0.375921 0.156031 -0.361961 -0.338000
-0.163345 -0.180488 0.415101 0.095069
0.041594 -0.338083 0.162465 0.296868

0.186368 -0.148085 0.209912 0.437639
0.462221 -0.225157 0.350615 0.137432
0.041685 0.085628 0.166147 0.437955
-0.449931 0.000910 0.003662 0.181198

-0.019045 -0.484624 -0.294227 -0.096634
0.106428 -0.364182 0.355873 -0.204115
-0.452448 -0.294670 -0.406682 -0.138110
0.353574 -0.254206 -0.034694 -0.424314

-0.366063 0.275100 -0.412232 0.481915
0.417018 -0.416619 -0.252459 0.242910
0.101924 0.199197 0.428566 -0.023786
0.389860 -0.376736 -0.394544 -0.296676

0.235147 0.239158 -0.325349 0.256332
0.098908 -0.040400 -0.424045 -0.476254
-0.138894 -0.234086 -0.357902 0.304108
-0.303879 -0.311865 -0.051964 0.403666

-0.182376 -0.094081 0.325252 0.036179
-0.065296 -0.195247 0.057677 0.114578
0.167296 -0.221663 -0.189163 0.041393
0.366127 -0.400244 0.033770 -0.345431

-0.136732 0.320364 -0.283560 0.163279
0.286701 -0.095239 0.157861 -0.227591
0.475128 -0.035117 -0.408623 0.319805
-0.115985 0.025919 0.492804 0.070301

0.079924 -0.202077 0.457161 -0.140354
-0.226763 -0.499556 0.107227 0.309416
0.007395 0.056522 -0.192154 0.427156
-0.142114 0.350047 0.377093 -0.102496

-0.105342 0.117573 -0.066306 -0.453383
0.490527 0.449338 0.269204 -0.231943
0.028175 0.255737 -0.359953 0.374970
0.273893 -0.211286 0.475083 0.304610

-0.099676 0.316714 0.055583 0.069004
-0.021460 0.344328 0.006174 0.414408
0.320147 -0.408301 0.299245 -0.147770
0.296837 -0.413969 0.127501 0.484863

-0.061978 0.020281 -0.254581 0.332441
0.064963 0.075374 -0.153196 -0.145279
-0.000745 0.488279 -0.095238 -0.494895
0.133656 0.155473 0.234972 -0.077991

-0.035701 0.384657 -0.179181 0.105060
-0.189632 -0.288063 -0.201223 0.057325
0.485307 -0.242394 0.079861 -0.372503
0.137589 0.233409 -0.027488 -0.313142

-0.132836 0.174932 0.373159 -0.318398
0.169346 -0.156105 -0.101821 0.386823
0.373173 0.028983 -0.216217 0.086109
0.400789 -0.371735 0.333304 0.393620

-0.051293 -0.462585 -0.221093 0.315879
-0.433772 -0.382220 -0.383167 0.275502
-0.061317 -0.117099 0.082745 -0.217029
0.141848 0.410529 -0.185875 -0.298963

0.428788 0.297042 0.495136 0.204443
-0.446431 -0.401948 -0.382190 -0.402643
0.453884 0.398623 -0.366690 0.236455
0.354348 -0.388177 -0.102213 -0.086561

0.472232 -0.119645 -0.109661 -0.205886
0.168763 -0.163901 -0.463480 0.356861
-0.119492 -0.088274 -0.031124 -0.223085
0.388728 -0.335555 0.065009 0.440033

0.182631 -0.401462 -0.265445 -0.290852
-0.054850 0.401659 0.200724 0.468597
-0.363256 0.329076 -0.486942 -0.085747
0.429531 -0.023508 0.433158 -0.324611

0.463024 -0.148132 -0.000999 0.014049
0.302404 -0.429634 -0.287814 0.113759
0.217457 -0.428876 0.224121 0.365999
0.092159 0.327999 0.450298 0.132297

-0.077539 0.167669 -0.406194 0.336475
-0.408833 -0.251930 0.079628 -0.101102
-0.178454 0.297500 -0.064805 -0.348633
-0.169501 -0.181001 0.235513 -0.033042

0.444182 0.196111 -0.043739 -0.305956
-0.020223 -0.233288 -0.423042 -0.465711
-0.069906 0.452811 -0.485733 -0.394678
-0.356265 0.468710 -0.035562 0.323118

0.209659 -0.287243 -0.105728 0.478624
0.420692 -0.352111 0.118055 -0.135023
-0.147921 0.498294 0.393403 0.303466
0.259665 -0.469828 -0.084168 0.477321

0.332894 -0.312781 -0.165196 0.010158
0.186294 -0.017432 -0.241086 0.454444
-0.029794 0.227856 -0.327614 0.135430
0.475869 0.074969 -0.318827 0.230340

-0.009654 -0.423672 -0.025822 -0.299017
-0.388696 0.170600 -0.174671 -0.498711
-0.066824 -0.121737 -0.104866 0.098094
0.426981 -0.030115 -0.419416 0.222278

-0.028194 -0.430937 -0.401113 0.243204
0.402917 0.289042 0.000386 0.364145
-0.428577 0.362355 0.438151 0.285301
0.237984 -0.171289 -0.380787 -0.304143

-0.496531 -0.210941 -0.496321 -0.359587
0.070242 0.092011 -0.034365 0.120322
0.199335 0.242996 0.207083 -0.123544
0.405820 -0.055127 -0.300101 -0.370447

