100
0.1989053 0.20055759 0.20046453 0.1997509 0.20032166
0.20337574 0.19872503 0.19777107 0.2014543 0.19867378
0.1984696 0.2003178 0.20149395 0.19892268 0.20079598
0.19985908 0.20041795 0.19942449 0.20051956 0.199779
0.19859727 0.2003847 0.20119862 0.1991595 0.20065984

0.20209911 0.20027329 0.20142765 0.19825472 0.19794528
0.19721414 0.19785142 0.19795915 0.20526741 0.20170778
0.19838545 0.19642656 0.19864127 0.20693998 0.19960682
0.20552038 0.21154109 0.20444858 0.17834738 0.20014252
0.20069176 0.20729461 0.20096552 0.18781824 0.20322986

0.20132358 0.20207888 0.1992073 0.19960336 0.19778684
0.20106839 0.20252828 0.1970428 0.19954458 0.19981591
0.1992842 0.19815117 0.20248266 0.20032012 0.19976191
0.19902499 0.19868307 0.2000025 0.20025209 0.20203735
0.1977599 0.19494303 0.20585483 0.20087548 0.20056678

0.2042561 0.19536947 0.20188269 0.19889744 0.19959435
0.19853826 0.20093845 0.19869046 0.20331831 0.19851448
0.19324312 0.20844331 0.19772534 0.19797134 0.20261692
0.19120337 0.21038127 0.19636713 0.20029889 0.20174928
0.19469945 0.20652907 0.19816399 0.19870996 0.2018975

0.19478844 0.20125656 0.20422277 0.1977992 0.201933
0.2060965 0.19876997 0.19489564 0.20263045 0.19760746
0.20369598 0.20271324 0.19327524 0.20332728 0.19698822
0.20072861 0.19883113 0.200461 0.19981039 0.20016891
0.20340106 0.20084745 0.195532 0.20224118 0.19797824

0.20044638 0.20658466 0.20319407 0.20213898 0.1876359
0.20375891 0.20307131 0.20017928 0.19874789 0.19424257
0.2020854 0.1998011 0.19910835 0.19857359 0.20043156
0.19939417 0.1984774 0.19941646 0.19978479 0.20292716
0.19690247 0.19815914 0.20019124 0.20128758 0.20345959

0.20319873 0.19869882 0.200032 0.20730713 0.19076332
0.2051026 0.19589674 0.20296156 0.21372199 0.182317
0.18912834 0.19840461 0.20762955 0.18126324 0.22357428
0.20617099 0.19521065 0.20311773 0.21651521 0.17898543
0.2000423 0.19640999 0.2058714 0.2033918 0.19428457

0.19695985 0.20797266 0.21117924 0.19504353 0.18884474
0.20609935 0.19560412 0.19422759 0.19926894 0.20479998
0.20390195 0.19513457 0.19345091 0.20127824 0.20623441
0.19633582 0.20541796 0.20745865 0.19788405 0.19290349
0.19189715 0.20966527 0.21329981 0.1972745 0.18786336

0.19694114 0.20012738 0.20050205 0.20012133 0.20230816
0.19760735 0.2024088 0.2011444 0.20001619 0.19882321
0.2021979 0.2014695 0.20014006 0.19984497 0.19634749
0.19856797 0.20064837 0.2004283 0.20003904 0.20031632
0.20613132 0.1993551 0.19885628 0.19973016 0.19592708

0.19725226 0.19559954 0.21039823 0.19994155 0.1968084
0.19761254 0.19596791 0.20903787 0.19985496 0.19752671
0.20253086 0.20399098 0.19041099 0.19983837 0.20322874
0.19781148 0.19609594 0.2082868 0.19976757 0.1980382
0.19950005 0.19971831 0.20188424 0.20026253 0.19863488

0.20496897 0.19602914 0.2019302 0.19994277 0.19712897
0.18776418 0.20978343 0.19438486 0.20412645 0.20394112
0.18480168 0.21243346 0.1932845 0.20287284 0.20660758
0.18454643 0.21239093 0.19276461 0.20578375 0.2045143
0.21562214 0.18798922 0.20621838 0.19743353 0.19273666

0.19978876 0.20022438 0.19985443 0.20032504 0.1998074
0.20079958 0.19894774 0.19981323 0.19941574 0.20102368
0.19731551 0.2032178 0.19942418 0.20300099 0.19704154
0.20108649 0.19858298 0.19978978 0.19916703 0.2013737
0.19805135 0.20247307 0.20007902 0.20173976 0.19765683

0.20667656 0.20404312 0.18981762 0.19563274 0.20382993
0.19716217 0.19691332 0.20606554 0.20354044 0.19631854
0.19885 0.19859721 0.20264047 0.20163724 0.1982751
0.19929494 0.19946934 0.20121436 0.20057966 0.19944167
0.1977688 0.19816671 0.2040398 0.20202252 0.19800222

0.20142558 0.20069513 0.19643293 0.20037556 0.20107083
0.18848221 0.19514138 0.2277499 0.19719605 0.19143048
0.19031326 0.19574867 0.22361228 0.19756255 0.19276328
0.2067123 0.2022602 0.18517205 0.20109905 0.2047564
0.21305445 0.20450324 0.17115682 0.20207337 0.20921211

0.20818998 0.20841809 0.19339149 0.19409157 0.19590893
0.19978018 0.20966993 0.19450021 0.19851024 0.19753942
0.19997415 0.193089 0.2040856 0.20107962 0.20177159
0.19640139 0.19337174 0.20467007 0.20304497 0.20251176
0.19625363 0.19761874 0.20218208 0.20248148 0.20146415

0.2003176 0.19830768 0.20091954 0.19847216 0.20198298
0.20306617 0.20446229 0.20185804 0.19713855 0.19347504
0.20445305 0.20376702 0.2036004 0.19439831 0.19378124
0.19645096 0.199203 0.19636296 0.20580278 0.20218031
0.19847584 0.19881238 0.19872269 0.20198464 0.20200446

0.1988378 0.20104408 0.1904355 0.20113514 0.20854744
0.20561697 0.20158736 0.20344365 0.19183998 0.19751203
0.19837348 0.1996543 0.19813026 0.20237277 0.20146923
0.19428599 0.19853085 0.19470732 0.20847972 0.20399615
0.20744462 0.20195775 0.20528848 0.18925913 0.19604997

0.19290823 0.19911852 0.20109612 0.20135613 0.205521
0.2021328 0.19738494 0.19540487 0.20086223 0.2042151
0.20057769 0.19905019 0.19838774 0.20034778 0.20163664
0.20438027 0.19932944 0.19756429 0.1996752 0.19905086
0.19643635 0.20164855 0.20369695 0.19973303 0.19848509

0.19982423 0.19933084 0.20023482 0.19922362 0.2013865
0.20657569 0.21189244 0.20024732 0.195169 0.18611558
0.19709098 0.19462402 0.19998117 0.20118965 0.20711419
0.18853253 0.17640054 0.20172009 0.19379199 0.23955482
0.19307455 0.18876624 0.19886401 0.2064991 0.21279614

0.17690915 0.19047569 0.22079042 0.20477156 0.20705315
0.18637526 0.20076956 0.21280508 0.200411 0.199639
0.21879084 0.20638573 0.18469632 0.19582601 0.19430101
0.20742592 0.20123076 0.19363452 0.1989414 0.19876742
0.20944613 0.19334777 0.19092666 0.20187578 0.20440361

0.20067912 0.20001586 0.2003761 0.19992578 0.1990031
0.19839336 0.19943136 0.19964106 0.19988634 0.2026479
0.19951956 0.19901265 0.200734 0.19952503 0.20120877
0.19915168 0.19887516 0.20065948 0.19949473 0.20181891
0.19510661 0.19988546 0.19720314 0.20051585 0.2072889

0.19888632 0.20064619 0.20129415 0.20075314 0.19842021
0.19589327 0.19617493 0.20924199 0.19911157 0.19957823
0.19973068 0.19909371 0.20105915 0.19956125 0.20055519
0.19931284 0.19778703 0.2026345 0.19893295 0.20133269
0.19918391 0.19857188 0.20228863 0.19943891 0.20051667

0.1970239 0.19834529 0.2010949 0.20492803 0.19860792
0.20165066 0.20104259 0.19517371 0.20526017 0.19687296
0.20350112 0.20198153 0.19684142 0.19779976 0.19987616
0.19834359 0.19896989 0.20373505 0.1968608 0.20209058
0.20209242 0.20122828 0.19692263 0.20092566 0.19883092

0.19690059 0.19921169 0.20089084 0.20311959 0.19987735
0.20027637 0.20061092 0.1993345 0.19972669 0.20005146
0.20083924 0.19820379 0.20194004 0.19914667 0.19987024
0.20348006 0.19816118 0.20191652 0.19654219 0.19990012
0.20025538 0.20036513 0.19960032 0.19974683 0.20003235

0.20187858 0.20072864 0.19833586 0.20334418 0.19571276
0.19985034 0.20272231 0.19598313 0.20273544 0.19870882
0.20138995 0.19245507 0.2111336 0.19387785 0.20114355
0.20038417 0.20457216 0.1930789 0.20550938 0.19645537
0.20306647 0.20399264 0.19301945 0.20866343 0.19125806

0.20968924 0.18487725 0.20363039 0.20695873 0.19484437
0.19097297 0.21210596 0.1979084 0.19543791 0.20357478
0.20505117 0.19463278 0.2003815 0.20154545 0.1983891
0.19789104 0.20199126 0.19999737 0.19956806 0.20055223
0.19563335 0.20530812 0.19929874 0.19818681 0.20157292

0.1955501 0.20885904 0.20115182 0.1977873 0.1966518
0.2020523 0.19785224 0.20095488 0.1994866 0.199654
0.1984886 0.20129064 0.19904394 0.20062093 0.20055585
0.20819011 0.19700597 0.20847145 0.19337696 0.19295555
0.2020763 0.20004264 0.20279755 0.19767289 0.1974106

0.19750878 0.1936412 0.2015885 0.20722577 0.20003577
0.19741581 0.19284104 0.2016071 0.20671532 0.20142072
0.2050652 0.2121767 0.19619212 0.18312976 0.20343618
0.19781177 0.19587582 0.20147981 0.2082834 0.19654922
0.2039267 0.20986992 0.19715343 0.18758427 0.20146562

0.19926576 0.20021744 0.2004619 0.1993696 0.20068529
0.1944585 0.20204854 0.20210971 0.19715586 0.20422737
0.19585004 0.20232418 0.19898173 0.20156628 0.20127776
0.19959295 0.19938964 0.20265305 0.19627644 0.2020879
0.1991909 0.20087925 0.1983498 0.20238139 0.19919862

0.19961542 0.19612554 0.20024298 0.20076042 0.2032557
0.2001668 0.1910964 0.20278779 0.19954146 0.20640756
0.20035039 0.20682696 0.19899802 0.1991371 0.19468758
0.20040719 0.1938541 0.20250146 0.19914308 0.20409417
0.19972394 0.197102 0.20020176 0.20055273 0.20241962

0.20532773 0.20305756 0.19905579 0.20376915 0.18878971
0.20140584 0.20422779 0.20367327 0.2024902 0.1882029
0.20109041 0.20448312 0.20423356 0.20245546 0.18773748
0.20053995 0.20396861 0.20412113 0.2019798 0.18939053
0.19873692 0.19491838 0.19503863 0.19716017 0.21414591

0.19680652 0.20063652 0.19984937 0.20338292 0.19932473
0.1999679 0.205416 0.1959083 0.19903442 0.19967338
0.19995692 0.19421858 0.20449698 0.20102961 0.20029788
0.2023288 0.19817424 0.20113708 0.19780865 0.20055123
0.19526486 0.19554311 0.20393474 0.20598221 0.19927502

0.1964775 0.20265941 0.2027584 0.19855386 0.1995509
0.1962008 0.20283899 0.20300542 0.19840913 0.19954567
0.20234217 0.19830763 0.19812882 0.20100318 0.2002182
0.19345112 0.20496666 0.20515826 0.1972829 0.1991411
0.19964409 0.19577804 0.20448063 0.1954462 0.20465104

0.19959567 0.19159822 0.20182379 0.20206435 0.20491797
0.20100069 0.20625892 0.19837761 0.19788858 0.19647412
0.19668366 0.20297824 0.20042807 0.20178774 0.19812235
0.19761558 0.20410277 0.19989969 0.2008484 0.19753365
0.19708285 0.20045836 0.20082541 0.20204741 0.19958605

0.19369073 0.20626424 0.20629328 0.20413294 0.18961881
0.20493323 0.19500948 0.19491713 0.19671386 0.20842633
0.20345728 0.19725858 0.19964047 0.1949632 0.20468046
0.20510702 0.19544338 0.19729261 0.19441079 0.20774624
0.19099572 0.20791022 0.20450614 0.20984119 0.1867466

0.20152842 0.20174725 0.19952284 0.19844735 0.19875409
0.20220795 0.20295906 0.1999093 0.19762304 0.19730067
0.20040376 0.20090398 0.20049937 0.1994527 0.1987402
0.20739175 0.2088103 0.19805367 0.1924275 0.19331682
0.19737634 0.1964768 0.20002535 0.20283328 0.20328818

0.19802774 0.19895476 0.19753027 0.20259455 0.2028928
0.19985205 0.20103855 0.20244929 0.19743752 0.1992225
0.19633603 0.19752903 0.19425322 0.20608222 0.20579955
0.20553532 0.20303872 0.20748909 0.19221547 0.19172136
0.20373166 0.20356546 0.2087152 0.19100904 0.19297868

0.203283 0.201616 0.19949542 0.19396567 0.20163982
0.2028629 0.19959335 0.20222947 0.20048518 0.19482921
0.20210919 0.20032817 0.20073667 0.1983904 0.19843556
0.19577181 0.2019329 0.19452661 0.19443312 0.21333556
0.19921203 0.20096609 0.19810407 0.19705078 0.20466697

0.19821858 0.19422744 0.2003617 0.2153451 0.19184725
0.1982162 0.19422798 0.20036142 0.21534394 0.19185041
0.20118332 0.19605766 0.20049824 0.21006657 0.19219425
0.20715134 0.20526342 0.19989502 0.18561624 0.20207402
0.19874747 0.19901845 0.19999284 0.20271161 0.19952963

0.20118713 0.20124047 0.20701659 0.19229904 0.19825676
0.1987035 0.19940053 0.19893005 0.20446108 0.19850476
0.19814552 0.19829339 0.1919656 0.21022335 0.2013721
0.20277622 0.20128718 0.2027558 0.19021618 0.20296457
0.19987658 0.20105824 0.20948473 0.19459352 0.19498692

0.20226313 0.19904464 0.20040736 0.19847268 0.19981217
0.20204118 0.2008425 0.19910178 0.19885948 0.19915509
0.19746485 0.2004059 0.20002632 0.20163499 0.20046794
0.20353779 0.20211627 0.19795673 0.1981151 0.19827406
0.19918403 0.20075765 0.19954447 0.20061174 0.19990204

0.19493587 0.20687774 0.20145181 0.2022772 0.19445734
0.2036985 0.19524848 0.19902104 0.19845188 0.20358013
0.19995865 0.20018968 0.2001166 0.20014004 0.199595
0.19732225 0.20297998 0.20028621 0.20063977 0.19877182
0.19903286 0.20147797 0.20042118 0.20059949 0.1984685

0.19994125 0.20018406 0.19854194 0.20093982 0.200393
0.2006904 0.20112373 0.19732602 0.1966949 0.2041649
0.19966625 0.19960296 0.20041136 0.2018889 0.1984305
0.20085146 0.20183398 0.1940622 0.19683084 0.20642148
0.19997911 0.20048223 0.1969805 0.20130302 0.20125507

0.19471456 0.1977981 0.20300807 0.20382588 0.2006534
0.18530403 0.19277991 0.20956981 0.21152392 0.20082232
0.21993344 0.20810628 0.18852812 0.1859437 0.19748852
0.1978878 0.199882 0.20031638 0.20096567 0.20094807
0.21686077 0.20371193 0.19389392 0.19033617 0.19519724

0.20399451 0.19584951 0.19397636 0.19582698 0.21035267
0.2028084 0.19949967 0.19958222 0.20459306 0.19351664
0.20218164 0.19984514 0.20005246 0.20433015 0.19359058
0.21216694 0.19292304 0.19036134 0.20342743 0.20112127
0.18844065 0.20602393 0.20821981 0.19380227 0.20351337

0.19996603 0.1998963 0.20005019 0.19987252 0.20021492
0.19749695 0.20111057 0.2045142 0.19538333 0.20149502
0.19668269 0.2029253 0.20612815 0.19465691 0.19960701
0.20090681 0.19883329 0.19829911 0.20128646 0.20067436
0.19679867 0.20376895 0.20599286 0.1953353 0.1981042

0.19830328 0.19746666 0.1984372 0.20329215 0.20250067
0.20446584 0.20773439 0.20402615 0.19086704 0.1929066
0.2017236 0.202496 0.20159195 0.19670226 0.1974862
0.20403469 0.19859825 0.20427981 0.19576295 0.19732435
0.199937 0.19364038 0.2004236 0.20312521 0.20287383

0.20411864 0.19643128 0.19874229 0.2013108 0.1993969
0.2017197 0.19849709 0.19949354 0.20054299 0.1997466
0.20762543 0.19349281 0.19745901 0.20250559 0.19891714
0.19838248 0.20137155 0.20072605 0.19935013 0.20016982
0.20143446 0.1987063 0.19976224 0.20035537 0.19974157

0.19938369 0.20098954 0.19978933 0.20191976 0.19791773
0.20013276 0.19967243 0.20027038 0.20000127 0.19992314
0.19914699 0.20209503 0.19829386 0.20002797 0.20043609
0.20023723 0.19846511 0.20229909 0.20330563 0.19569302
0.20068781 0.19848406 0.20104124 0.19933882 0.2004481

0.20242047 0.20625062 0.19112238 0.20747577 0.1927308
0.20055069 0.21372442 0.19666235 0.20175472 0.18730788
0.19858599 0.19492659 0.20496155 0.19597767 0.20554817
0.2013421 0.19977161 0.1953898 0.20410624 0.19939023
0.19958861 0.19020957 0.20149532 0.19915463 0.2095518

0.200763 0.19467156 0.19667366 0.20326816 0.20462367
0.20291291 0.19872387 0.20001781 0.1958143 0.20253117
0.20061862 0.19929151 0.19971478 0.1994924 0.20088266
0.19708456 0.20073757 0.19960704 0.20471798 0.19785291
0.20051962 0.19708379 0.19821519 0.20161167 0.20256974

0.20226838 0.19623652 0.20159307 0.20331284 0.19658925
0.1963484 0.20481919 0.19795898 0.19688314 0.20399033
0.19801511 0.20268722 0.198863 0.19817942 0.20225523
0.19671328 0.20377778 0.19841656 0.19816515 0.20292729
0.19856502 0.20231795 0.19901003 0.19802885 0.20207813

0.20630999 0.20453894 0.19600874 0.19061285 0.20252949
0.19777836 0.19446331 0.2005689 0.20650846 0.200681
0.19784163 0.20357667 0.20233443 0.19922215 0.19702514
0.19933183 0.19833137 0.2001844 0.20194545 0.20020688
0.20346773 0.19632684 0.1966379 0.19959566 0.20397183

0.19651201 0.19705822 0.19499637 0.19945592 0.21197751
0.19721967 0.19793472 0.19543327 0.19909427 0.21031812
0.19636458 0.19683102 0.19499718 0.19961004 0.21219714
0.19808614 0.19860122 0.1968049 0.1993556 0.20715214
0.20379892 0.2031862 0.20553686 0.20035423 0.18712375

0.20064764 0.19960544 0.19695926 0.2028957 0.19989197
0.20000169 0.20011915 0.20155293 0.19849771 0.19982848
0.2018142 0.19951485 0.19894004 0.20079672 0.19893417
0.19776577 0.19984333 0.19273579 0.20748743 0.20216767
0.20019901 0.20009619 0.20182987 0.19820608 0.19966882

0.19686517 0.20502216 0.20462956 0.19855817 0.19492497
0.20170751 0.20138068 0.20202126 0.19407733 0.20081322
0.19897111 0.19909681 0.19871506 0.20368882 0.1995282
0.2020198 0.20243552 0.20328653 0.19168828 0.20056985
0.19295418 0.2041148 0.20249133 0.20852357 0.19191617

0.19907866 0.1998786 0.20144817 0.19850452 0.20109
0.19605812 0.20093629 0.20169137 0.19928822 0.20202596
0.19442403 0.2006304 0.20449096 0.19635928 0.20409533
0.20592782 0.1988769 0.19652995 0.20223093 0.19643444
0.19299749 0.20114842 0.20455396 0.19678481 0.20451534

0.19294652 0.20604116 0.20780198 0.19359419 0.19961613
0.19439432 0.20711401 0.20373242 0.19641009 0.19834924
0.19351465 0.20677038 0.20588057 0.19489023 0.19894424
0.19597995 0.2000857 0.20797639 0.19417143 0.20178656
0.20162547 0.20008501 0.19664575 0.20249416 0.19914955

0.19413263 0.2012206 0.20089561 0.20289698 0.20085426
0.21470757 0.19632043 0.19857211 0.19430982 0.1960901
0.20695211 0.1986422 0.19874544 0.1963986 0.1992617
0.21474224 0.19646774 0.19831994 0.19393444 0.19653557
0.21565497 0.19680808 0.19731055 0.19225985 0.19796652

0.19791676 0.20072193 0.2019989 0.19718961 0.20217274
0.20612386 0.19626105 0.19551224 0.20730077 0.19480212
0.20021713 0.19767655 0.20181423 0.19882269 0.20146944
0.20559363 0.19438986 0.19792965 0.20513375 0.19695318
0.20409289 0.19820428 0.19636455 0.20535146 0.19598687

0.19773379 0.20023891 0.19866116 0.19991665 0.20344949
0.1993461 0.19991526 0.19990179 0.1998608 0.20097603
0.19775866 0.20034355 0.19847916 0.1999982 0.20342046
0.1986816 0.19997327 0.19953199 0.19982746 0.20198572
0.19719337 0.19999993 0.19887881 0.19967347 0.20425442

0.20305634 0.20620413 0.19894181 0.19269721 0.19910045
0.19064319 0.19458367 0.20860797 0.2031028 0.20306237
0.19883727 0.19821995 0.20059162 0.20201425 0.2003369
0.18524769 0.1879315 0.21209586 0.21015806 0.20456702
0.18046461 0.18376869 0.21602313 0.21379727 0.20594634

0.19859897 0.19606666 0.20031932 0.20089988 0.20411523
0.19513911 0.1916255 0.19829145 0.20336775 0.21157621
0.20189437 0.20321293 0.20068908 0.19860771 0.1955959
0.19898736 0.1961581 0.20076369 0.20058948 0.20350142
0.19718128 0.19418128 0.19952703 0.20191772 0.20719275

0.20117684 0.19715226 0.19608618 0.20162751 0.20395719
0.1979085 0.210689 0.20528118 0.19393045 0.19219084
0.19941981 0.19805846 0.20257393 0.20109779 0.19885005
0.20107172 0.19005302 0.19763072 0.2057886 0.20545597
0.20151892 0.19029224 0.19588052 0.20563136 0.20667702

0.20096369 0.20354804 0.19692129 0.1974831 0.20108388
0.20030577 0.19895957 0.20069003 0.20146678 0.19857787
0.19881852 0.20304 0.1980482 0.19542983 0.20466346
0.19663201 0.19359279 0.20626397 0.20268196 0.20082928
0.20042478 0.20334628 0.19726469 0.1970454 0.2019188

0.19907723 0.20124626 0.20004112 0.2001931 0.1994423
0.20022823 0.19953406 0.19991067 0.19989046 0.20043667
0.19934858 0.20101903 0.20009835 0.2001903 0.19934373
0.19909084 0.20106831 0.19996195 0.20012909 0.19974974
0.19772348 0.20333828 0.20021908 0.2005674 0.19815177

0.20312247 0.19378339 0.20646037 0.19466953 0.2019643
0.20019469 0.20259938 0.19997711 0.19881856 0.1984102
0.20324291 0.20736545 0.20472383 0.19057965 0.19408818
0.20234253 0.20858347 0.20296164 0.19221945 0.19389294
0.19804654 0.19545418 0.19725879 0.20565479 0.20358571

0.20042491 0.19583268 0.20057103 0.20320728 0.1999641
0.20786604 0.20521672 0.19427241 0.19912307 0.19352178
0.19455704 0.2133437 0.20039101 0.18867517 0.2030331
0.19350392 0.19361612 0.205202 0.20207144 0.20560652
0.19855632 0.19822265 0.20122445 0.20073012 0.2012665

0.20236021 0.20054416 0.20440029 0.19760266 0.19509274
0.19497867 0.20094855 0.19250624 0.20621103 0.20535551
0.20077594 0.20013432 0.20139836 0.19919239 0.19849907
0.19440512 0.1994011 0.19051819 0.2059833 0.20969225
0.20519714 0.19958022 0.20852768 0.1939278 0.19276713

0.20113222 0.1910785 0.20347317 0.20514953 0.19916657
0.19807647 0.194939 0.2011447 0.20643137 0.19940849
0.19872807 0.2050311 0.19788009 0.19798087 0.20037988
0.19989817 0.19656703 0.20115979 0.20270576 0.19966927
0.1995035 0.19456817 0.20173138 0.20474836 0.19944857

0.19904703 0.20144202 0.19803208 0.2012882 0.20019071
0.19422819 0.20320353 0.19755232 0.2018612 0.20315476
0.20367745 0.20135999 0.19570448 0.2024411 0.19681697
0.2030393 0.19555232 0.20609131 0.19604519 0.19927198
0.19988243 0.20328407 0.19445132 0.20349148 0.19889069

0.19339673 0.21058369 0.1957324 0.18943086 0.21085629
0.20314237 0.19540906 0.20017809 0.20633134 0.1949392
0.19571091 0.20753184 0.19510406 0.1944012 0.20725194
0.2055975 0.19288744 0.19602686 0.2142501 0.19123809
0.2068207 0.18854426 0.20552014 0.21058545 0.18852945

0.19754402 0.20130761 0.19930069 0.19884227 0.20300536
0.18529531 0.19756418 0.1973069 0.20289777 0.2169359
0.20068951 0.19888952 0.2003208 0.20106494 0.19903521
0.20779264 0.20412171 0.20065615 0.19533563 0.19209392
0.20163172 0.20205942 0.19994508 0.19785212 0.19851165

0.20214911 0.19510444 0.20375045 0.19163091 0.20736513
0.197879 0.20628324 0.19543707 0.19987746 0.20052317
0.20294008 0.193013 0.20533165 0.1899297 0.20878555
0.19373684 0.21671565 0.18785898 0.208027 0.19366153
0.2050461 0.18592982 0.2108223 0.1955332 0.20266867

0.21209556 0.19460985 0.20324852 0.19193105 0.19811499
0.19428757 0.20511124 0.1989812 0.20590383 0.19571614
0.19535096 0.19937977 0.19796287 0.20107938 0.20622702
0.19374117 0.20741442 0.19931489 0.20785522 0.19167426
0.20008342 0.2012746 0.20036127 0.20095547 0.19732526

0.1865944 0.19254369 0.20487142 0.20692453 0.20906596
0.19685268 0.20178735 0.20026048 0.20070657 0.20039296
0.19578539 0.1959987 0.20197001 0.20260212 0.2036438
0.19692922 0.19607453 0.20169325 0.20215653 0.20314649
0.20024638 0.19556627 0.20107031 0.20105414 0.20206288

0.19535643 0.20056891 0.19966923 0.20780233 0.1966032
0.20530206 0.19677031 0.19805352 0.19904362 0.20083044
0.21142 0.19231372 0.1950902 0.2004373 0.20073885
0.1938743 0.20512296 0.20341326 0.19711572 0.20047374
0.19754817 0.19713497 0.19702691 0.21364033 0.19464956

0.20359805 0.20281415 0.19949836 0.19851716 0.19557226
0.19795817 0.19633593 0.19783029 0.20337798 0.20449768
0.19458482 0.19653134 0.2016505 0.20118769 0.2060456
0.19725026 0.20277557 0.20617613 0.1950912 0.1987069
0.18855162 0.19834505 0.21055709 0.19531263 0.20723365

0.19915695 0.21110804 0.19799128 0.19656618 0.19517751
0.18616378 0.16991909 0.20947395 0.21718633 0.21725692
0.20489825 0.20901288 0.1967429 0.19453582 0.19481006
0.21087079 0.22343567 0.19191003 0.18673101 0.18705258
0.20819111 0.21616128 0.19427368 0.19050461 0.19086938

0.18311414 0.20390116 0.21888877 0.19710943 0.19698648
0.20927115 0.1977345 0.19037473 0.20130889 0.2013107
0.21392119 0.19437212 0.18827565 0.19973412 0.20369694
0.20138435 0.19925205 0.19901797 0.19981031 0.20053534
0.19598505 0.2032803 0.20157836 0.20157517 0.19758108

0.1989828 0.1950123 0.19698952 0.20239706 0.20661826
0.19592722 0.20096804 0.19673294 0.20461726 0.20175453
0.2016654 0.19918892 0.20115732 0.19823956 0.1997488
0.20238858 0.20691903 0.20510161 0.19528304 0.19030766
0.20278361 0.19967225 0.20237204 0.19680277 0.1983693

0.20055465 0.20209032 0.19689777 0.20118532 0.1992719
0.1996142 0.19718872 0.20272984 0.19940796 0.20105931
0.19889686 0.19444104 0.20669264 0.19796477 0.20200472
0.20049003 0.19801232 0.19894108 0.20162818 0.20092832
0.20014693 0.19818059 0.20021679 0.20067531 0.2007804

0.20586146 0.19517964 0.20163594 0.20349145 0.19383155
0.20188063 0.19839287 0.2008764 0.20063291 0.19821724
0.19930466 0.20072834 0.19887285 0.20094158 0.20015265
0.20178165 0.1986379 0.19982085 0.20208308 0.19767654
0.19895361 0.2009184 0.19938597 0.19982232 0.2009197

0.20368634 0.1973572 0.19873662 0.20343563 0.19678426
0.19577153 0.2028152 0.19989984 0.19965135 0.20186198
0.19816104 0.20093532 0.19830938 0.20380743 0.19878682
0.20295759 0.19853133 0.2033564 0.1924494 0.20270531
0.19655177 0.20230925 0.2000296 0.19945829 0.20165111

0.19656864 0.20278965 0.19588408 0.19828907 0.20646857
0.19929083 0.20206618 0.1979467 0.19834618 0.20235018
0.20049284 0.20724468 0.19446021 0.19358377 0.20421848
0.21048547 0.19584048 0.20878027 0.20083362 0.1840602
0.19279806 0.19828853 0.19739805 0.20308638 0.20842893

0.19751464 0.20038004 0.20013349 0.20280269 0.19916914
0.19804808 0.20037563 0.20005895 0.20197102 0.19954622
0.19894469 0.2003043 0.19996987 0.20076303 0.20001806
0.20389168 0.19860037 0.20027232 0.1980442 0.19919144
0.19769284 0.20147768 0.19941805 0.1992406 0.20217091

0.19164963 0.20073813 0.19880293 0.20195799 0.20685138
0.20288448 0.19961578 0.20048827 0.1993551 0.19765641
0.20177338 0.1996855 0.20038353 0.19963613 0.19852148
0.20138142 0.19932832 0.20073615 0.1998879 0.19866624
0.20074746 0.19923359 0.2008114 0.20010154 0.19910602

0.20406783 0.20225257 0.1979232 0.19671968 0.19903673
0.19580871 0.197936 0.20147848 0.20460565 0.20017117
0.19156763 0.19370739 0.20777054 0.20091885 0.20603564
0.200207 0.20218186 0.19529274 0.20785484 0.1944635
0.20101821 0.20076627 0.19904481 0.19993271 0.1992379

0.20018181 0.20008706 0.19917692 0.19578834 0.20476587
0.19946466 0.20013247 0.20064424 0.20121445 0.19854411
0.20028743 0.19991177 0.19970772 0.19971892 0.20037426
0.20123298 0.19970882 0.19832204 0.19613631 0.20459987
0.1981502 0.20070663 0.20138176 0.19842078 0.20134069

0.19441499 0.20411071 0.19800742 0.20490663 0.19856025
0.19727075 0.20210707 0.1990246 0.20227662 0.19932094
0.19983542 0.20066342 0.19987737 0.19959551 0.20002833
0.20059815 0.20018496 0.20013334 0.19885485 0.2002287
0.19854552 0.20144539 0.1994441 0.20088287 0.19968207

0.20828399 0.20054887 0.19740444 0.19625773 0.19750495
0.20235637 0.198556 0.19963379 0.1981631 0.20129067
0.19556311 0.20088719 0.20110695 0.20262773 0.19981512
0.19517529 0.2023956 0.20085995 0.20353746 0.1980317
0.19633125 0.19898127 0.2013268 0.20132867 0.2020321

0.19770543 0.201606 0.19911624 0.19564095 0.20593143
0.19750984 0.20003736 0.19678286 0.19879727 0.2068727
0.2012593 0.19824675 0.19934383 0.20422614 0.19692406
0.19783504 0.2038549 0.2023344 0.19109443 0.20488113
0.19696836 0.20020899 0.19631258 0.19817315 0.20833692

0.20122105 0.2073152 0.19695015 0.19759102 0.19692262
0.201648 0.20616308 0.19680013 0.19819842 0.19719037
0.20151612 0.20155314 0.19806291 0.1999614 0.19890644
0.20041077 0.20408426 0.19858369 0.1985464 0.19837488
0.20130157 0.20648372 0.19707504 0.1979443 0.19719535

0.19774523 0.20250402 0.19864894 0.20207033 0.19903147
0.19644874 0.20416908 0.19728021 0.2035306 0.19857134
0.20638219 0.19282804 0.20428365 0.19395368 0.20255242
0.19794501 0.20225091 0.19885173 0.20184919 0.19910316
0.1956401 0.20490292 0.19726068 0.20406389 0.19813243

0.18850191 0.20045348 0.20456773 0.20755751 0.1989194
0.19443618 0.19931166 0.20594904 0.20073584 0.19956724
0.21272433 0.1998417 0.1928566 0.19370434 0.20087308
0.20252739 0.19977851 0.19938773 0.19809528 0.20021121
0.21476436 0.20010504 0.19052903 0.19364165 0.20095997

0.1996986 0.2004386 0.2004725 0.19881843 0.20057186
0.20357779 0.19517614 0.18397754 0.2035377 0.21373081
0.20408553 0.19417343 0.18914473 0.21204849 0.20054777
0.19861019 0.20088354 0.21052322 0.20412323 0.18585978
0.19574365 0.20586275 0.20654291 0.18447065 0.20738009

0.19556156 0.19953887 0.20262478 0.2012989 0.20097587
0.20240076 0.20087449 0.19794913 0.19918615 0.19958948
0.21066591 0.20356299 0.19128382 0.19640665 0.19808064
0.2074743 0.20253837 0.19383197 0.19748352 0.19867189
0.20680985 0.2030419 0.1936476 0.19757782 0.1989229

0.20257752 0.19963533 0.20071279 0.1965888 0.2004856
0.19963433 0.2002425 0.2015162 0.2014188 0.19718826
0.19758411 0.2006882 0.20250008 0.20507742 0.19415021
0.19972621 0.20032705 0.20240453 0.20178075 0.19576146
0.20471098 0.19904369 0.19917151 0.1925893 0.20448457

0.20142856 0.19316691 0.19130072 0.2024476 0.21165624
0.19640951 0.20583126 0.20793168 0.19708192 0.1927457
0.19493775 0.20463565 0.2066853 0.1970211 0.19672018
0.20062897 0.19342189 0.19174318 0.20212716 0.21207884
0.20197517 0.19374233 0.19192211 0.2024533 0.20990707

0.20183018 0.20037465 0.19891399 0.19737649 0.20150469
0.20308587 0.2006189 0.1981424 0.19554162 0.20261121
0.20435561 0.20114125 0.19868699 0.19654928 0.19926687
0.20258218 0.20065248 0.1990794 0.19763397 0.20005196
0.19579276 0.19886424 0.20130347 0.20349908 0.20054048

