100
-0.017078772 0.005760281 0.008650553 -0.010784964 -0.01194119
0.012293908 0.0026000603 -0.012724703 0.010352423 0.0030129466
0.0050519793 -0.01480006 0.010054326 -0.0018354915 0.0143693285
0.0036826273 0.010837336 -0.013499237 0.006961071 -0.0074208835
-0.00017590458 -0.017324116 0.016831497 -0.0067820963 0.014261827

-0.00617484 0.010214289 -0.0015766761 -0.016072419 0.008503483
0.009461106 -0.01300001 0.0015160575 0.017084507 -0.0113132605
-0.010147486 0.010199257 -0.00035508935 -0.0076705795 0.009710283
-0.0024631165 0.0035867179 -0.000463361 -0.005023395 0.003076261
0.024416082 -0.028616454 0.0022380261 0.030054243 -0.026002733

0.016309801 -0.008126208 0.001588689 0.010137478 0.00025788153
-0.017263113 -0.0014858106 0.0016795904 0.0046423264 0.010386782
0.012109187 0.0023768188 -0.0016228551 -0.005290251 -0.008696171
0.012114669 0.0032690733 -0.0019205437 -0.00665078 -0.009641889
0.009190637 0.0035468144 -0.0018124608 -0.0066712666 -0.008442039

-0.012130679 -0.0042590275 0.01448419 -0.014916904 0.026885884
0.030010216 0.0034492235 -0.0034011784 0.036409095 -0.03046056
-0.05124977 -0.0005945443 -0.018425636 -0.061808284 0.025078898
-0.032439105 -0.0056110653 0.012291653 -0.03948711 0.042503074
-0.031816136 0.004342916 -0.03300107 -0.038042482 -0.008400868

0.025997309 0.017770894 -0.0060595125 -0.009088036 -0.0014020285
-0.014478597 -0.009105847 0.0039997967 0.005502581 0.0012031766
-0.012781682 -0.0036469474 0.00700051 0.007306565 0.0034063624
-0.010053088 -0.018142436 -0.006560659 -0.0027703424 -0.005473818
-0.010953526 -0.0046963277 0.0047581154 0.005385488 0.00208058

-0.012519077 0.0076604737 0.007990987 -0.0059333206 -0.0059004705
-0.06411923 -0.036963455 -0.00022449813 0.01841994 0.0112454975
-0.0329243 -0.021222182 -0.0013260945 0.010894473 0.006994456
0.022962317 0.038026743 0.013468326 -0.022475384 -0.017517295
0.044224545 0.016193794 -0.004868192 -0.006747062 -0.0026949297

-0.0013915079 -0.015607635 -0.003110159 -0.0090918895 -0.002176214
-0.01591128 -0.049983706 0.030462168 -0.04740706 -0.0084850695
-0.0023846733 0.05602399 0.03720504 0.020852666 0.0068351226
-0.00930595 -0.03233452 0.016222805 -0.029091623 -0.005358393
-0.0011810737 0.005856752 0.0071775042 0.00069216586 0.0005912521

-0.044247843 0.07428685 0.019790752 0.059664033 0.03142618
0.019344583 -0.025727503 -0.0074961814 -0.022169873 -0.012864338
0.007891926 -0.00089545525 -0.0014138371 -0.0034768078 -0.0040039634
0.049119707 -0.057484698 -0.017691037 -0.051745463 -0.03164868
0.05602143 -0.043249726 -0.016355218 -0.046076395 -0.033203885

0.0012950397 -0.01109502 0.023316933 -0.010285752 0.030208578
-0.009409837 0.03163235 -0.0478223 0.025003217 -0.06459209
0.02382442 -0.020742951 -0.026240842 -0.0030515408 -0.024132006
-0.0076237833 0.015271146 -0.013034627 0.009741916 -0.01957943
0.03011128 -0.03895884 -0.0015341076 -0.016793787 0.009794785

-0.016421124 0.020738712 0.019410675 0.06544728 -0.008127436
-0.019696247 0.032063667 0.023582136 0.0937742 -0.009330873
0.013074657 -0.025012163 -0.015809786 -0.07016916 0.0059774457
0.012246924 0.053820696 -0.011584175 0.09840378 0.010085928
0.006448172 0.023907805 -0.0062841326 0.04239958 0.005053097

-0.013838483 0.0013534044 0.008506614 -0.0062544434 -0.011280575
0.0043670433 -0.012190521 -0.018585391 -0.016827326 0.017546209
-0.021477032 -0.007327416 0.00045817357 -0.024774991 -0.0062977467
-0.012042992 -0.01580996 -0.015559916 -0.032593887 0.010381002
0.032142542 0.011023024 -0.00060891156 0.037169058 0.009357667

0.011365374 -0.0054717264 -0.009698961 -0.0026105882 0.010492778
-0.0025874083 0.00034626352 0.000110190944 -6.820606e-05 -0.001301512
0.033763576 -0.025800163 -0.051076613 -0.014786466 0.042709764
-0.0021944859 -0.0009163761 -0.0027289495 -0.0009491983 0.0003588942
0.017244421 -0.011088886 -0.021216016 -0.0060137655 0.019289188

-0.018315244 0.08175332 0.05299687 0.03252956 0.02767992
0.006709751 0.022394273 0.022578336 0.005886123 0.003142955
0.009334107 0.024831543 0.02633768 0.006038215 0.0027679873
0.01044351 0.02818115 0.029787544 0.0068913396 0.0031980432
0.0036862928 -0.011001348 -0.006291876 -0.0046925107 -0.0041872887

-0.0016211865 -0.0007401264 0.028690118 -0.0019013414 -0.0016503158
-0.002311871 0.0071936343 -0.019097857 0.0048694653 -0.00134154
0.027062455 -0.050990187 -0.01809637 -0.02647463 0.019778507
-0.00046133617 0.0034088937 -0.018167205 0.0027852445 -2.5639636e-05
0.0005096973 -0.0036770515 0.01942279 -0.0029952507 3.9267987e-05

0.072753906 -0.022614542 -0.011842204 -0.04516691 -0.028736612
0.008032978 0.025907997 -0.003930702 -0.0047572562 0.005625495
-0.023185343 0.010538384 0.00346623 0.014420819 0.010189774
-0.047460392 0.014393105 0.0077583427 0.029461347 0.018634792
-0.025751127 0.027278703 0.002411564 0.016142657 0.016141472

0.033205368 -0.02533356 0.021392873 -0.03905498 0.019974303
-0.038742356 0.015495497 -0.050667014 0.043548487 -0.043279942
0.020182393 -0.023233216 -0.001320744 -0.024862722 0.0010107921
-0.036134545 0.009161613 -0.056928508 0.039857574 -0.04788208
0.03929106 -0.041637845 0.0039961645 -0.047886945 0.0070708427

0.0008634236 -0.009761703 0.003949163 0.010491894 -0.011490157
0.006532061 0.0038876287 0.0112051 -0.00383081 -0.0018878538
-0.018893987 -0.060668007 -0.02054005 0.06397957 -0.048604015
-0.0013028377 0.007785879 -0.004291184 -0.0083993245 0.009741852
0.025519356 0.05567428 0.034051724 -0.058299683 0.03691299

0.013380614 0.011362394 -0.0019937837 -0.008406677 -0.0014477766
0.010441389 0.008207491 -0.0014630728 -0.006993377 -0.00016894234
0.010757374 0.024992805 -0.003834802 0.0036689837 -0.024284393
-0.00073466805 0.01772064 -0.0024723848 0.012524148 -0.026666218
-9.02606e-05 -0.00982848 0.001385949 -0.0063556917 0.014227638

-0.025602106 0.07789031 -0.027204292 -0.0441137 -0.023938037
0.017809587 -0.039977368 0.017936334 -0.0022079232 0.024838796
-0.008236351 0.033730604 -0.009354853 -0.034274794 -0.0027027489
-0.007665892 0.04465372 -0.009628919 -0.06260475 0.005125973
0.027196337 -0.04837698 0.026508812 -0.03271296 0.045232795

-0.011658482 0.02857875 0.071277626 0.051724147 -0.012268046
-0.00792609 0.030958474 0.06884594 0.05346785 -0.021055955
-0.035206106 0.019612268 0.09731258 0.050323255 0.036505345
-0.0451031 0.028689852 0.13097155 0.07012835 0.042836517
0.0072117257 -0.01836865 -0.045311835 -0.033091586 0.008350186

-0.0037206006 -0.017020665 -0.011093255 -0.02033957 -0.008031472
-0.0053080563 -0.017320795 -0.014300484 -0.020564033 -0.0067512468
-0.0055312044 -0.01579708 -0.014408118 -0.01869416 -0.0055125877
-0.006799634 -0.019319665 -0.017690297 -0.022859676 -0.0067091105
0.003042735 0.016851956 0.009714836 0.02019448 0.00855073

0.004904471 0.007843361 -0.008273762 0.018925833 0.010555093
0.0042580967 0.005369179 -0.0076025818 0.0189359 0.011389864
-0.0027167844 -0.0004690342 0.0057111713 -0.017221931 -0.011835715
-0.0004746118 -0.012505658 -0.0026181128 0.018590694 0.017129665
-0.00018344834 -0.0064305114 -0.0014766947 0.009961833 0.009088391

-0.012012562 0.018533757 0.014839831 -0.0030043488 -0.0049287053
0.02967649 -0.01829 -0.034509312 -0.002951045 -0.012406643
0.02391069 -0.026880465 -0.028754901 0.0022036254 0.0008608436
0.008547761 0.005187415 -0.0091215465 -0.004794327 -0.012920969
0.010787746 -0.020526908 -0.013630604 0.0041628345 0.007897549

0.01674364 -0.0043544807 0.025860457 -0.006394013 0.019637054
0.024809826 -0.014260935 0.009797751 -0.022848582 -0.0045283423
0.008808543 -0.0023576275 0.013360725 -0.0034782083 0.010043025
-0.00016587607 0.00027807825 0.00060190936 0.00046573428 0.0008171444
0.03921778 -0.021639716 0.018786011 -0.034570873 -0.0032694233

0.032837454 -0.0077547915 0.001966562 0.01555685 -0.018250493
-0.029774336 0.0069970395 -0.0058320886 -0.012448866 0.014998624
0.045902766 -0.010572529 0.034283746 0.0088427225 -0.013444424
-0.010783908 0.0024233332 -0.015176235 0.00083686225 0.00043309003
-0.006632453 0.0019696779 0.04711566 -0.022584178 0.021868177

0.010542779 0.025133425 0.0095935045 -0.0038571581 0.013248323
0.0056492155 0.0082346825 0.005385675 -0.0021101052 0.0056406874
-0.0071356553 0.01191336 -0.007848061 0.0028499549 -0.0009062101
0.0035829134 -0.0074317665 0.00400854 -0.0014429991 5.0963437e-05
-0.0018944184 -0.018445587 -0.0010713506 0.0005778363 -0.006262412

-0.013933554 0.046102393 0.0012576723 0.009008831 -0.048139967
-0.019460281 0.0027352409 0.0074238796 0.018384079 -0.0045915395
0.0055401376 0.013777807 -0.0034515702 -0.006603592 -0.013482953
0.021469455 -0.035495203 -0.005204939 -0.017225845 0.038064383
0.022400064 -0.028977579 -0.0061710957 -0.018730637 0.03152883

-0.005271803 -0.007857195 -0.010253145 0.013156895 0.0042056395
-0.014964198 -0.025410889 -0.020397115 0.031696003 0.009587857
0.02761056 0.07445195 -0.03959013 -0.008367113 0.0031527006
-0.018046793 -0.051729143 0.03446586 -0.00010494628 -0.004378867
0.003973424 0.0057912213 0.008094477 -0.010154393 -0.0032687772

0.008198241 -0.0025048882 -0.009481303 0.011254592 -0.010649824
0.0033165342 -0.000109317545 0.0072638206 -0.004530255 0.0034151496
0.018859778 -0.0037295506 0.0031478207 0.0054653846 -0.0071318303
-0.0027456826 0.0003952784 -0.0022715298 0.00068820827 -0.00022346305
0.009096636 -0.0014786416 0.00545007 -0.0005814585 -0.00070399034

0.0028132196 0.0020869956 -0.0023104418 -0.004527277 -0.0034600722
0.008787692 0.003283954 -0.0030909784 -0.024220645 -0.017276447
-0.0038275437 -0.004457091 0.0052065826 0.0011202347 0.0014735274
0.007654143 0.0025867291 -0.0023432935 -0.021948764 -0.015594955
0.0059550027 0.0010184409 -0.0005552879 -0.020173179 -0.014120461

0.0010480589 0.0001089821 -0.0114186 0.005500508 -0.0024282772
0.02243309 0.010403117 0.010242681 -0.0045292433 -0.00037152533
0.027287588 0.012734314 0.014982617 -0.0067209294 5.9442817e-05
0.027381815 0.012742523 0.013905835 -0.006202307 -0.00016904312
-0.031981926 -0.014873419 -0.015931744 0.0070953257 0.00026031447

-0.015155497 -0.019175347 0.017955953 0.012862742 0.0073359297
0.08945077 0.083431035 -0.07033351 -0.074606515 -0.05831958
-0.109447435 -0.10329086 0.08750519 0.09133808 0.07074642
-0.01495668 -0.012139427 0.009590268 0.012394775 0.010665775
-0.036639445 -0.039346144 0.035007354 0.030787304 0.021275917

0.001179562 -0.003185544 -0.012998995 0.00087577524 0.02065507
0.013048609 -0.002360457 -0.028710403 0.015129664 0.034665935
-0.011644256 -0.01109143 -0.02057676 -0.015685646 0.046868246
0.013230371 -0.0028010546 -0.03053748 0.015272934 0.037552375
0.015672777 0.019484954 0.04364419 0.021866437 -0.08994293

-0.014255136 -0.0035507174 -0.023310656 -0.0035064202 -0.018351609
-0.037021525 0.05741376 -0.0004726582 0.0021054833 -0.018666431
-0.06675594 0.16068149 0.050668646 0.013413301 -0.008789741
0.0023633104 0.008531124 0.01102413 0.0019176983 0.0064983265
-0.04898561 0.1315381 0.04946694 0.012136014 -0.00051942613

0.015239126 -0.011638387 -0.037332483 -0.037420746 0.059684906
0.0009915944 0.0019534414 0.009517283 0.0054201726 -0.0075647696
-0.033619437 0.012755628 0.025420032 0.04511533 -0.077106215
-0.04303153 0.020477092 0.05082781 0.06977272 -0.116221465
0.074543655 -0.0357528 -0.089284346 -0.12167966 0.2025145

-0.004751577 0.010488791 0.039834406 -0.006890905 -0.027768746
-0.0011791942 -0.012414703 -0.009946284 -0.031372346 0.016369572
0.007159592 -0.049376078 -0.10435571 -0.05592623 0.09384075
0.0053107855 -0.015559975 -0.04958921 0.00012368715 0.036979593
-0.0027508046 0.03506356 0.061346274 0.053273 -0.060980707

-0.011498455 0.0056362245 -0.014149533 -0.0011227434 -0.01360104
0.00051531394 -0.00052380946 0.00038779652 0.00018889345 0.00070787355
0.0058798925 0.0038523402 0.013352052 -0.0028668244 0.0045134695
0.013176016 -0.013425676 0.00988607 0.004846375 0.018111315
-0.019012542 -0.003796677 -0.035308536 0.0048451545 -0.017733866

0.00019377274 0.004462976 0.0070537375 0.02158478 -0.003717819
-0.010401 0.0015432158 -0.0034338871 -0.005262469 0.00093861064
0.012919263 0.0005912023 0.008168184 0.018534213 -0.0032320293
0.015398311 0.0025019452 0.01253241 0.030688306 -0.0053328504
-0.05536235 0.0069243936 -0.020285008 -0.034181044 0.006058597

-0.0039808224 -0.0025994116 0.001674469 0.013068698 -0.0001692801
-0.0114977015 -0.021735663 -0.0089478865 -0.013176026 -0.014257619
-0.0004249677 0.0035103126 0.0038484565 0.014951834 0.003647497
-0.044142738 -0.072695956 -0.02393557 -0.012100735 -0.044332776
-0.0054204795 -0.01935269 -0.013040089 -0.038801044 -0.015533379

0.0064744283 -0.0046701166 -0.009915144 0.010399378 0.0028562031
0.0022991535 -0.005198 -0.007993728 0.022830917 -0.0027575232
-0.009716789 0.009732092 0.018321728 -0.030331273 -0.001384713
-0.004783667 0.0055967486 0.010037878 -0.019287843 0.00017668848
0.013550731 -0.015968813 -0.028579513 0.05525786 -0.0006229049

0.041009337 -0.010880876 -0.027921144 -0.026613113 -0.022855198
0.039568834 -0.01033424 -0.026964871 -0.025483051 -0.022030177
0.02120488 0.0028139437 -0.01569452 -0.0037393514 -0.010678136
0.013808471 -0.013133617 -0.0079908855 -0.020205278 -0.008974438
0.030821096 -0.0036023965 -0.021666005 -0.0145688895 -0.016559305

0.01723333 0.030983394 0.038633365 0.009710377 -0.0005366836
0.020471813 -0.011544305 0.003926134 0.0024918194 0.017875848
0.029822199 0.00909138 0.028207572 0.008475828 0.016120112
-0.0051497603 0.011338992 0.006333811 0.00095083984 -0.0077265124
0.015495172 -0.0011735733 0.009537445 0.0033008882 0.01063387

-0.03957558 -0.04519549 0.016546667 -0.028897766 -0.044478398
0.05414945 -0.0105337035 0.021240762 -0.006420586 0.07774613
-0.00031464946 -0.007998718 0.0047634523 -0.00508113 0.0014290464
0.010822747 -0.007405022 0.007458635 -0.0046488144 0.016775668
0.01965784 -0.06438401 0.044429608 -0.040789336 0.042355996

-0.02445775 -0.0600315 0.10757221 -0.0050381273 0.19755177
-0.0028172804 -0.0053678183 0.010981172 0.0004940144 0.024842976
-0.013558018 -0.038154166 0.06407585 -0.0061787316 0.102934316
0.014276294 0.044408742 -0.071328446 0.009445596 -0.10267722
-0.01802299 -0.054037344 0.08820149 -0.0105176 0.13235708

-0.0031589768 -0.0037100352 -0.0026879977 0.011569202 -0.019002011
0.0032125423 -0.004241422 -0.007369245 0.008534889 -0.014667356
-0.035253856 0.013220745 0.038861085 -0.009251537 0.019619469
-0.0514221 0.0069360766 0.041117925 0.017782811 -0.02375458
0.022223528 0.0059705437 -0.0064651114 -0.030401576 0.048303183

-0.0037251243 0.019786969 -0.0072563263 0.0074409307 -0.020560706
-0.0021651539 0.0006714753 0.008349579 -0.004388476 0.017268965
0.0019573271 -0.01106411 0.0045870957 -0.0044466397 0.012603786
-0.004821706 0.021646686 -0.004791032 0.00644102 -0.015914777
-0.0022719456 0.010256784 -0.0023237036 0.0030808595 -0.00765285

-0.011809004 0.0088289725 0.0033010284 0.0110323215 -0.008955617
0.023262693 -0.0027991117 0.00095915585 -0.009652234 0.022575933
-0.05688016 -0.023076518 -0.017644513 -0.0011679078 -0.06531754
-0.016002217 -0.0242765 -0.014057581 -0.015050719 -0.024389055
0.022275118 0.011345374 0.008090134 0.0023681899 0.02635978

0.005958925 0.03641731 -0.0048468625 0.04215235 0.06554047
0.020878192 -0.0063532228 0.0017182743 0.008339874 -0.0024286797
0.022709329 0.00013355202 0.00088558276 0.016399326 0.00956186
0.0026838388 0.026764004 -0.0036295939 0.029764798 0.047470722
0.023961497 0.014697118 -0.001097743 0.032446664 0.03530738

0.018268669 0.013789104 0.012478951 -0.01862617 -0.013150748
0.026700323 0.022703435 0.020478906 -0.034080017 -0.020353263
0.006281845 0.005360084 0.004834456 -0.008068085 -0.0047968193
-0.021133972 -0.021401307 -0.019223878 0.036200825 0.017634405
-0.008961599 -0.0070640226 -0.00638492 0.009943246 0.0065842452

-0.008480082 -0.043309405 0.013304521 -0.014959822 0.025446368
-0.032206986 0.0047337245 0.017901326 -0.024346039 -0.019860603
0.01038407 0.02885021 -0.011628778 0.013678307 -0.014510102
-0.0065307217 -0.06023282 0.0154289 -0.016678602 0.03810258
0.020017123 -0.041288342 -0.0037321318 0.00777341 0.038744196

-0.007496034 -0.005668226 0.009616416 0.0002632283 -0.012746992
0.0008707386 -0.0007879086 0.0040743803 0.000508656 -0.008738775
0.00064483425 -0.0037847979 0.014508013 0.0015702273 -0.029091338
-0.0019790852 0.003056904 -0.013805025 -0.0016281456 0.028808061
-0.005603887 -0.0073270574 0.018278794 0.0013486759 -0.031359896

0.011802094 0.015285847 0.01780921 0.03905462 0.005939568
0.00031906625 0.00788115 -0.0011703594 0.002488911 0.0053582005
-0.008148112 -0.00037448024 -0.01454685 -0.025009837 0.002983748
-0.0036588795 0.012600795 -0.009356575 -0.008780229 0.010226976
0.002006483 0.0056714346 0.0023481122 0.007229349 0.003148359

-0.009558884 0.02221217 0.020951796 -0.026888492 -0.031157484
0.010985105 0.0007150046 -0.0010393538 0.0010992003 0.010463617
0.072141424 -0.017866034 -0.02663359 0.03284095 0.09050569
0.080228545 -0.02528484 -0.03437422 0.042673178 0.105882
0.058768786 -0.0032541477 -0.011775681 0.013920258 0.062815785

-0.011485388 -0.013571313 -0.011722726 -0.00783708 0.014892257
-0.015536906 -0.018071327 -0.01564048 -0.010806683 0.019635828
-0.018537141 -0.01984224 -0.01735972 -0.014120003 0.020378415
0.0013237997 0.0029386878 0.0023915565 -7.754081e-05 -0.004154888
0.027453978 0.030161196 0.026296323 0.020359509 -0.031554684

-0.015944682 0.017039558 -0.038998615 -0.0333849 0.05416419
0.041419495 -0.019541807 0.08431165 -0.018058682 -0.033009026
-0.021960583 0.016860146 -0.049169775 -0.01797148 0.045812715
-0.020408064 0.009527769 -0.041472435 0.009325048 0.015824981
-0.012078415 0.012152677 -0.029023116 -0.02208915 0.03774097

-0.015782766 -0.024963753 0.003367096 0.010815462 0.0285064
-0.0018376369 0.007681862 0.011445774 0.026320081 0.027703496
-0.011629059 -0.016711682 0.004236967 0.011950269 0.024877852
0.0064413687 0.01260355 0.0011470985 0.0013021629 -0.006072265
-0.036965627 -0.068080686 -0.0021478934 0.0025822415 0.044631105

0.007285863 0.010931905 -0.010363118 -0.011322194 -0.0009805277
0.006006293 0.008266835 0.009705241 -0.0143470215 0.012478214
0.01652025 0.022205487 0.03973113 -0.04304292 0.043813355
-0.018596279 -0.025524875 -0.03177125 0.044893503 -0.03988837
0.014521635 0.019601485 0.032906327 -0.037281167 0.037043426

0.042500205 0.021369833 0.022327112 0.022181112 -0.006928761
-0.106095925 0.08717125 0.056688312 -0.048450142 -0.030359732
-0.013956998 -0.0047772117 -0.005539536 -0.0071738684 0.0015154965
-0.05887265 0.14411514 0.108058475 -0.022168634 -0.049317934
0.111973315 -0.14824882 -0.10483168 0.048363324 0.051118158

-0.002200731 0.004613546 0.0036695648 0.0063132653 0.016913261
-0.013090319 0.03412806 0.009371703 0.013992848 -0.05100312
0.0012996685 -0.0028815719 -0.0018746502 -0.0031751958 -0.006428607
0.0043696435 -0.00792259 -0.009592031 -0.016896963 -0.061649688
-3.5449717e-05 -0.00080640445 0.001699845 0.0032051404 0.020243183

0.049778868 -0.03553822 0.0103181545 0.03171381 -0.025993368
-0.018496314 0.016797313 -0.0074170656 -0.0028011547 0.02924902
0.0031314634 -0.0028809519 0.0012927615 0.00038139094 -0.0051544183
0.020222388 -0.011188304 0.00095114927 0.021007389 0.0071578166
-0.08773193 0.062018495 -0.017571399 -0.05743186 0.04245644

0.0022667286 0.0052573956 -0.0039551333 0.0008196442 0.028552715
0.00482234 0.0013027493 0.0018495834 -0.000637241 0.008761398
-0.0031813788 7.968865e-05 -0.0021956237 0.00064667396 -0.0008398858
0.004678759 -0.001976616 0.005160306 -0.0013990533 -0.008545965
0.0016090265 0.0038153948 -0.0028942153 0.0006019289 0.020707024

-0.07411522 0.0030252505 -0.025258807 -0.029162925 0.024280308
-0.01259695 0.011779241 -0.004679685 0.0049754153 0.018961618
-0.019663999 -0.010978476 -0.0062972847 -0.01812449 -0.009072466
-0.011868807 0.00022031329 -0.0040358794 -0.0049030427 0.0035403909
0.034039207 0.012365571 0.0111286845 0.025521157 0.0069624777

0.006296985 0.07960825 -0.014396258 -0.0060815895 -0.03841966
-0.023229638 0.02457888 -0.02266293 -0.013062039 -0.026518602
0.024095617 0.044807576 0.0067699226 0.0057076383 -0.009659203
-0.011934541 0.042124495 -0.018666055 -0.010000774 -0.029218113
0.005644626 0.036175203 -0.0045277113 -0.0015270411 -0.015838066

-0.001000663 0.06557011 0.03262642 -0.0071789017 -0.006316216
0.0044149035 -0.06650878 -0.031462315 0.0015891208 -0.0018641968
-0.0052934717 -0.0069228243 -0.0060349763 0.009797802 0.0138010755
-0.011146746 0.07611448 0.033082556 0.008385026 0.016958563
-0.010981096 0.106988885 0.04875058 0.0039385166 0.012435332

0.0025603347 -0.00677845 -0.0043742773 0.0012038866 -0.00118165
-0.0031601277 0.005910226 0.003170073 0.00084785285 -0.00044358007
0.0011350279 -0.030736685 -0.02710532 0.026883435 -0.021999191
-0.0032370249 -0.00018362283 -0.0024133842 0.0067953034 -0.005284803
-0.0021770536 -0.008347925 -0.009086672 0.01238474 -0.009923254

-0.033144828 0.026701638 0.01215234 0.0278432 0.04819724
0.039433498 -0.031950615 -0.014384175 -0.032992166 -0.057006434
0.024251482 -0.01987434 -0.008755378 -0.020125518 -0.03464627
0.051321443 -0.04208556 -0.018517341 -0.042570155 -0.073269345
0.09309401 -0.07636408 -0.033579886 -0.077202566 -0.13286324

0.011198177 0.012409494 0.019722963 0.010256522 -0.016877387
-0.010874459 -0.01902856 -0.04212479 -0.030194677 0.030956078
-0.04593182 0.009583745 0.118224606 0.13332593 -0.057037793
-0.041776493 0.0025307692 0.08716402 0.10332588 -0.03896417
0.023923315 0.0147450045 0.0033994454 -0.01220851 -0.011493645

-0.015188 0.015069425 0.009223099 -0.026299372 0.012408098
0.008060453 -0.009553136 -0.011990851 0.013845922 -0.0025711998
-0.0055078487 0.01264427 0.03609419 -0.009022875 -0.014025248
-0.009082699 0.01072711 0.013340145 -0.015604586 0.0029942465
0.010267998 -0.012248533 -0.015635403 0.017632287 -0.0030714204

-0.0053014327 0.015192626 0.0130284345 0.017739715 -0.039643925
0.007332969 -0.017747952 -0.022542102 -0.028735006 0.05325257
0.0010578978 -0.02050994 0.021591067 0.018918568 0.01638157
0.012797578 -0.051190574 -0.011359764 -0.024171468 0.10273476
-0.011617448 0.042634223 0.015621193 0.026871277 -0.09140208

-0.023286555 -0.02446927 -0.0033576172 0.0011964998 -0.016329026
-0.052419685 0.02551912 0.009247096 0.011388452 -0.0029504786
0.0534395 0.016060803 -0.0006540767 -0.007070919 0.020656377
-0.022782685 -0.019731097 -0.0024074502 0.0016246346 -0.0142104
-0.027814126 -0.0047167996 0.0010998955 0.0040732077 -0.009223395

-0.016112696 -0.005522492 -0.043943573 0.01116129 -0.030982548
0.00017094001 8.8153625e-05 0.00035165803 7.858269e-07 0.00020044525
-0.03295476 -0.019387836 -0.058523413 -0.009799525 -0.028262138
0.009725753 0.004653169 0.021411797 -0.0014163216 0.012976473
-0.019341381 -0.013589906 -0.025781894 -0.014665507 -0.0069961147

0.010067622 -0.0007740132 0.014737348 0.00024475984 -0.014053776
-0.00515173 0.011447983 0.020952156 0.017499102 -0.0027482805
-0.006745294 0.012401472 0.020761814 0.018785505 -0.0012711202
0.033196814 0.003378838 0.06388583 0.010265254 -0.051674925
-0.009401041 -0.005902927 -0.030843588 -0.010794467 0.019082233

-0.03179415 -0.047978297 0.040031996 0.04693825 -0.0046689343
-0.0016430984 -0.002983337 0.011543415 0.008943013 -0.0058094896
0.03570698 0.050816502 0.012702127 -0.013051775 -0.028643612
-0.014700377 -0.022200882 0.018839875 0.021929856 -0.002353049
-0.023654379 -0.03290879 -0.022612162 -0.0011197878 0.02731906

0.010771679 0.003069854 0.011275761 0.009298936 -0.020313049
-0.008084554 -0.002550065 -0.008178027 -0.0109422505 0.020424854
0.016944462 0.0048285555 0.01773799 0.014619704 -0.031943057
0.007767651 0.00088277826 0.009672208 -0.014733905 0.013370326
0.0033985786 0.0020232166 0.0023364893 0.019922614 -0.028610803

0.024464563 -0.047349293 0.010692337 -0.060442563 -0.013699751
-0.01927844 0.025640331 -0.020213421 0.039922982 0.015734099
-0.029820926 0.02067304 -0.050444853 0.04921688 0.032372884
-0.014702843 0.026914464 -0.007983037 0.035307083 0.008885701
0.0109426575 -0.0010762564 0.025084883 -0.013761672 -0.014633436

-0.076190665 0.009986476 -0.055877954 -0.050649285 -0.030478954
-0.043537594 -0.0057111415 -0.005246068 -0.0038423438 -0.0071866587
-0.05295874 0.0016193443 -0.026401572 -0.0235056 -0.016416952
-0.042614702 0.0008202074 -0.0201163 -0.017852968 -0.012777738
0.03657312 0.009030885 -0.0054867887 -0.006078636 0.0022441198

-0.25645417 0.07903938 0.072128944 0.11468739 -0.16182697
0.103489175 -0.032274902 -0.029566698 -0.045923017 0.064889476
0.13420498 -0.032648113 -0.02718497 -0.068233356 0.09419204
0.054250654 -0.020136323 -0.019398516 -0.021039996 0.030506203
-0.18081182 0.060777526 0.0569759 0.07609711 -0.108584836

0.014334485 0.04053477 -0.011968935 -0.004196444 -0.0083637
-0.01323098 -0.07061804 0.080061294 0.0014449856 0.015059008
0.027055504 0.053280525 0.025685417 -0.009619248 -0.010652144
0.016450152 0.04831009 -0.017461546 -0.004684699 -0.009994366
0.016202664 0.024004303 0.0318099 -0.006338703 -0.00463224

-0.07339383 -0.00042116528 -0.015077037 0.0024121543 -0.026092457
0.02115409 -0.12003508 0.111579224 0.122830175 0.16546945
-0.0037063777 0.019790037 -0.018441984 -0.020244962 -0.027360156
-0.005935278 0.09060799 -0.082112744 -0.0929884 -0.12126147
-0.012004348 0.04437914 -0.04213364 -0.045299727 -0.062695816

-0.016818801 0.007263678 0.0095280595 -0.0029189044 0.0067956843
-0.0029824579 -0.0003282308 -9.928212e-05 -0.0017902339 0.002654202
0.055441584 -0.02937917 -0.037423868 0.00534239 -0.017528294
-0.0141454665 -0.0012958711 -0.00018213462 -0.00828546 0.012354676
-0.0029237925 0.021636063 0.02420522 0.015534055 -0.01708494

-0.0012698651 -0.0019881597 0.008476094 0.002435567 -0.0071996637
0.0044819657 0.0018216884 -0.0058316407 -0.006974564 0.004657276
0.0003019582 -0.0018866623 0.008922004 0.00015732586 -0.0077129207
0.00087320426 0.0022911974 -0.010112143 -0.001963222 0.008642013
-0.007133779 0.00048530634 -0.006408921 0.010044612 0.006108139

0.032728415 -0.029594928 -0.025472023 0.009200434 0.01164121
-0.0670276 0.04599632 0.023585258 0.0019109017 -0.021611141
-0.006815315 0.008247901 0.009382203 -0.004876948 -0.0027423203
0.038789198 -0.0250627 -0.010606533 -0.0033149624 0.012269098
0.036230553 -0.02569353 -0.014373924 0.00014728103 0.011808324

0.014083841 -0.03384781 0.0046675648 -0.021968456 -0.04938455
-0.012452293 0.022027027 -0.028844269 -0.015718685 0.019188618
0.029173028 -0.054669727 0.057985194 0.023189843 -0.05445138
0.023816012 -0.046153963 0.042571522 0.012155547 -0.049171682
-0.0047130315 0.008776392 -0.009542182 -0.003994402 0.008624153

-0.0050924146 -0.029387157 -0.04121923 0.032648478 -0.04745357
0.0051295944 -0.012322491 -0.009200212 0.0021824634 -0.01738454
0.0013886105 -0.049916346 -0.05884427 0.039555136 -0.07713048
-0.002041825 0.07656537 0.090357736 -0.060812175 0.11833891
0.0048705577 -0.0731586 -0.08308866 0.053481754 -0.11206332

0.0011099265 -0.00041638865 0.0018252068 0.0048974743 -0.0052844975
-0.009212916 0.01200037 -0.0068696425 -0.026092034 0.03246893
-0.0074512693 -0.003950666 -0.018790958 -0.044373482 0.044473227
-0.0146347005 0.021281015 -0.008762437 -0.03766689 0.0486182
0.01021296 -0.0061073327 0.014588893 0.041185744 -0.045589853

-0.012523138 -0.009717031 -0.003970217 4.806683e-05 -0.0032791109
0.0024087094 0.0025633571 0.00078767457 0.0022299672 0.00049659977
-0.0016134497 -0.0014295782 -0.00051766366 -0.0005667224 -0.00038816046
0.011837846 0.00946033 0.0037624806 0.00084148993 0.0030465527
0.0068598473 0.0026063197 0.002080736 -0.008786183 0.0023208403

-7.317039e-05 0.037281763 0.019784052 0.03106468 0.034989104
-0.01730985 -0.008997279 -0.00958918 -0.0034596412 -0.012671256
-0.012106955 0.0036129758 -0.001444821 0.0058297105 0.0004388768
0.012614469 -0.03334867 -0.014210008 -0.030711351 -0.028236384
0.0089357775 -0.020225814 -0.0082612075 -0.01892573 -0.016811706

0.0023379922 -0.0007225193 -0.0040415926 0.005161858 -0.012054432
-0.0021220439 0.0011818538 0.0016326123 0.0009404504 0.0042359508
0.018795859 -0.012056695 -0.008313877 -0.025316667 -0.0172732
-0.025422245 0.014881164 0.01676316 0.018992374 0.04153873
-0.011029796 0.006704646 0.0063123186 0.010894728 0.014858113

0.010336663 0.008974264 0.009296839 -0.0060931277 0.02051815
0.004141908 0.0029059746 0.007397352 -0.0028944323 -0.0046687936
0.022966977 0.01838099 0.028952554 -0.0145614995 0.0164673
0.016703267 0.014987845 0.012436027 -0.009526962 0.04223697
-0.018105386 -0.014238581 -0.02416274 0.011644282 -0.008281911

-0.09949629 -0.029370788 -0.032128125 0.04908126 -0.05052188
-0.16352104 -0.039855406 -0.06122653 0.08238926 -0.08725917
0.016417947 0.002418638 0.0077319825 -0.00859654 0.009556189
-0.0924699 -0.02492652 -0.032231946 0.04610094 -0.048144586
-0.03365655 -0.009225994 -0.011577978 0.016748054 -0.017446268

0.029362166 -0.040468175 0.030587723 0.09110561 -0.049248725
-0.0035541088 0.028883774 -0.008850449 -0.017529907 -0.0016169032
-0.009507765 0.016230512 -0.010575658 -0.03034847 0.014959413
-0.007552046 0.02660353 -0.011343204 -0.027822923 0.00755014
-0.01432051 0.00019884284 -0.010724721 -0.039137416 0.030192688

0.025239535 -0.009915199 -0.0655012 0.03737665 -0.03381014
-0.008615322 0.0058829607 0.022693189 -0.014435592 0.016450534
-0.038614098 0.021984076 0.10112396 -0.061757825 0.065117806
0.0332908 -0.014078359 -0.086529754 0.04997112 -0.046560984
-0.04439011 0.020610977 0.115625635 -0.06786622 0.06569806

0.004157136 -0.0016613519 0.008363419 0.009389562 0.0024821514
0.0023045014 0.005746542 0.014691151 0.0046552056 -0.0073231324
0.005803388 -0.014207032 -0.006251909 0.014088293 0.01897509
0.0030550652 -0.0060659037 -0.0011602012 0.0072999313 0.008145379
0.009015588 -0.017380508 -0.0026393696 0.021499418 0.023358608

-0.024904612 0.034908436 -0.009056723 0.02000502 -0.011785733
0.010777634 -0.024916578 0.012490988 -0.011855557 0.0020461606
0.007953029 -0.011623064 0.0033075854 -0.006543395 0.0036156334
-0.0075551798 -0.011794989 0.016812267 -0.0012293357 -0.010544789
-0.02206345 0.028170275 -0.0056155724 0.01682436 -0.011299181

-0.012635819 0.053780824 0.016700702 -0.020942714 0.029612489
-0.025614848 0.0004663455 0.0037155142 0.009884584 0.034239586
-0.0082909 0.011726997 0.004416596 -0.0023818398 0.013832645
0.01929507 -0.042999625 -0.014639695 0.013116495 -0.03592387
0.006449173 0.0030170246 -6.5227294e-05 -0.0039999164 -0.007876016

-0.0016881899 -0.00070637447 0.0071696024 -0.00027663523 -0.0008513804
0.004906294 0.015941806 -0.0234778 -0.023257282 0.026877673
-0.0019481053 0.025770102 0.003217879 -0.04637568 0.04572882
-0.01020239 -2.7785243e-05 0.0425222 -0.009019149 0.0023065733
0.0049023894 -0.022069901 -0.016233055 0.04259102 -0.039909475

0.038806994 0.024695626 -0.055986203 -0.02500059 -0.02153568
-0.0038560533 0.009930061 0.0079679135 0.009896415 0.008521124
-0.01227253 0.0046834163 0.02013146 0.015384005 0.013248139
-0.010786156 0.0054191193 0.017946279 0.01430064 0.012314983
0.01031929 0.018855097 -0.012501211 0.00070694706 0.0006052818

0.01582611 -0.0072489064 -0.027885461 0.00083812623 0.032735858
0.004355305 -0.0015185177 -0.005405961 0.0011493122 0.0049099135
0.01962696 -0.008800422 -0.033680726 0.0014046817 0.03896805
-0.01225197 0.00869081 0.03624744 0.0052889497 -0.051836267
-0.010583101 0.0036052458 0.012733085 -0.0029560023 -0.011202373

0.031875655 0.087973535 0.12599427 0.008826195 -0.025049277
0.00052860996 0.008145456 0.01335143 0.00018426502 0.004987561
-0.020916713 -0.013339735 -0.00791493 -0.0055401544 0.052304525
-0.0062707476 0.022182869 0.041725025 -0.0015125303 0.036836725
-0.009039418 -0.049748577 -0.07750122 -0.0026435226 -0.012936281

0.0035847146 0.00030415866 -0.004620807 -0.011746564 0.011504103
-0.09963949 0.024308238 0.08191745 0.00018001074 0.019082643
-0.04031561 0.009100286 0.034188926 0.0073954575 0.00011747543
0.04221115 -0.010788256 -0.03400714 0.0048077274 -0.013155566
-0.05992557 0.0148444325 0.048947793 -0.0021315946 0.013802574

