100
-0.0049611167 0.0033114902 0.0028474114 -0.0007187735 0.002134421
0.015745573 -0.00738749 -0.012199424 0.006252942 -0.007645448
-0.007512441 0.0017567276 0.0076110163 -0.0052321325 0.0041410425
-0.00019955658 0.0025928013 -0.0023764279 0.0030996008 -0.00060041493
-0.0067698415 0.0021901815 0.0062438264 -0.0039427266 0.003562311

0.006333681 -0.0027416365 0.0030056841 -0.012871824 -0.014433839
-0.006407295 -0.0031810163 -0.0026366205 0.03361607 0.016122611
-0.0009884364 -0.010911705 0.00030029006 0.041228455 0.005149112
0.0052511147 0.034125213 2.242584e-05 -0.13656081 -0.021264292
-0.0057165017 0.026654255 -0.004353329 -0.072012015 0.006850901

0.0042561106 0.008000684 -0.006311338 -0.004325188 -0.013467462
0.0033615641 0.010596026 -0.016862724 -0.004245878 -0.0028870492
-0.002209933 -0.007911687 0.013712248 0.0029747707 0.00018430677
-0.0031497541 -0.004869163 0.0017497248 0.0029968221 0.011872494
-0.0069617857 -0.02130814 0.033155814 0.008669772 0.007131843

0.027795268 -0.016686747 0.016107619 0.0012100723 0.0047078836
-0.019444928 -0.00742807 -0.018678643 0.004346131 -0.019564684
-0.03216415 0.043554004 -0.0092343 -0.007990944 0.015203912
-0.052070692 0.043512963 -0.025422312 -0.0055976864 0.0016173654
-0.026175579 0.032808438 -0.0085377 -0.005786458 0.010127452

-0.01831757 0.014348953 0.028979776 -0.0029792201 0.017704332
0.021552512 -0.01464375 -0.03432767 0.0045918226 -0.02050947
0.01917024 0.014333932 -0.03334315 0.017358497 -0.014314422
0.0008351804 -0.00866268 -0.0004988342 -0.0037497475 -0.0019570298
0.014737751 0.002103657 -0.024717947 0.0090189865 -0.012284797

0.011725866 0.04188937 0.02534053 0.020134449 -0.054317612
0.02426801 0.020887755 0.0065438403 -0.000632323 -0.02356172
0.010915885 -0.00045218132 -0.003925378 -0.0066147754 0.0026983577
-0.0052530575 -0.009861469 -0.005141271 -0.0032959136 0.012310547
-0.019152176 -0.012790191 -0.0025875354 0.0028738414 0.013606606

-0.005611826 -0.028006015 -0.021318935 0.014405166 -0.068762735
-0.014019408 -0.059941933 -0.024513032 0.027146282 -0.13178276
0.005089339 0.0529721 0.098419055 -0.037386063 0.17240727
-0.016394714 -0.07102134 -0.03131485 0.032560226 -0.15779619
-0.009400429 -0.027725149 0.019322466 0.0072048833 -0.038605414

-0.049007665 0.005399068 0.020699687 -0.058784712 -0.09108245
0.05778512 0.005519599 -0.0015425506 0.024082236 0.051460598
0.04476795 0.0008181351 -0.00784738 0.031817008 0.056142163
-0.044702854 0.000517243 0.0104025565 -0.036848012 -0.062339347
-0.090584256 -0.0020315708 0.015154939 -0.06294767 -0.11182886

-0.014706177 0.0013430103 0.0032133213 0.0013127533 0.012180919
-0.0051636794 0.018843671 0.012577256 0.0069523817 0.0009702804
0.014822152 0.011213093 0.0045925505 0.0031171015 -0.0145388115
-0.005256161 0.0051664165 0.0040689176 0.002125049 0.0035101166
0.02804697 -0.005378681 -0.007883999 -0.0034990837 -0.022723828

-0.029033955 -0.037447922 0.035484694 -0.0154923415 -0.031286765
-0.02552155 -0.033878844 0.030685619 -0.014237963 -0.025955973
0.027577313 0.034760773 -0.0341302 0.014193821 0.031017156
-0.023660515 -0.03237102 0.027940985 -0.013820462 -0.022515126
-0.0047599724 -0.003666579 0.0071200114 -0.0009453421 -0.009106177

0.02617342 -0.018421961 0.011236747 0.001345807 -0.012827192
-0.046738975 0.06414984 -0.012085839 0.036813673 0.035905447
-0.06856829 0.07077728 -0.02368846 0.024727907 0.0429696
-0.05667576 0.08385175 -0.013107052 0.052248992 0.04606108
0.07059168 -0.06655119 0.02599987 -0.017533815 -0.04161107

-0.0013908865 0.0007871899 -0.0010621997 0.001289754 -0.0012976523
0.0068960264 -0.002369121 0.0019718192 -1.9357654e-05 0.008011465
-0.020539114 0.008935174 -0.009908967 0.007867822 -0.02192854
0.009272121 -0.0032559477 0.0028027135 -0.00031916215 0.010699352
-0.016004207 0.0060763806 -0.005818064 0.002448081 -0.017998187

0.033738285 0.020914532 -0.051352974 -0.021177527 0.01986919
-0.009890247 -0.011153276 0.034277413 0.021947786 -0.0141783
-0.0035235842 -0.00479573 0.015358943 0.0103959665 -0.006418827
-0.0032520783 -0.0023772547 0.0063328184 0.0031735592 -0.0025161405
-0.009783734 -0.007773818 0.021432623 0.011496699 -0.0086042145

0.004566372 0.0009333419 -0.02053261 -0.0006602617 0.0028035906
-0.036066674 -0.0013460472 0.15317774 0.009128051 -0.020545665
-0.03041211 -0.0022520658 0.13082996 0.0069715427 -0.017620733
0.021325862 -0.0004471915 -0.08871674 -0.00620458 0.011818785
0.041907825 0.00094384345 -0.17705967 -0.011009131 0.02370865

0.0407217 0.04181676 -0.033012778 -0.029399212 -0.020079402
0.0030667146 0.05138356 -0.023717744 -0.0033102103 -0.00821281
-0.0027401056 -0.03777704 0.017611343 0.0027728116 0.0062081586
-0.019120974 -0.034666866 0.022117818 0.014146086 0.011516516
-0.01824054 -0.011308779 0.011520368 0.013000159 0.00796311

0.0062162764 -0.0038682562 0.0092166625 -0.0030390536 0.014495549
0.014029107 0.020880701 0.008061879 -0.015595972 -0.034354243
0.026134197 0.022772959 0.021955026 -0.02429505 -0.027474372
-0.025722167 -0.011810699 -0.02617042 0.02078329 0.0030249024
-0.009160565 -0.007466475 -0.007917628 0.008363677 0.008461791

-0.007726637 0.0033081723 -0.050902527 0.0037609648 0.039950456
0.046418775 0.026626538 0.035792854 -0.02293476 0.006203224
-0.013362951 -0.0069271172 -0.014589706 0.006597015 0.0021221908
-0.047200464 -0.02558721 -0.045034144 0.023310091 0.0015694216
0.061410088 0.03460417 0.050961893 -0.030337173 0.0049152984

-0.043174874 -0.011489282 -0.0016065487 -0.000314362 0.02015873
-0.008067464 -0.031836595 -0.041918807 -0.014373195 0.0021814443
-0.0039739665 -0.011618649 -0.014952296 -0.0051208218 0.0012915536
0.01757059 -0.007452802 -0.01634775 -0.005719643 -0.008851483
-0.006287774 0.019900108 0.030007193 0.010355473 0.004087757

-0.0006094923 -0.0030816908 0.0014432484 -0.0036197216 0.007178342
0.0015498258 0.026961869 -0.02956377 -0.055251017 -0.102749065
-0.0011750708 -0.013770887 0.013382748 0.019407595 0.048429787
-0.010567263 -0.07708065 0.057043154 0.016947472 0.22894447
-0.00047468036 -0.023041638 0.029070184 0.066744834 0.096783474

-0.07757815 -0.003689863 0.14399949 0.068680555 0.079761036
-0.038803276 0.035592426 0.09381133 0.033804875 0.02994535
0.058835953 0.0004666349 -0.11056736 -0.05205381 -0.05987177
0.022223376 -0.008098578 -0.04657837 -0.019540522 -0.020415446
0.019999916 -0.059976295 -0.07257739 -0.016814305 -0.0043701776

0.002981624 -0.00032890498 0.0014704741 -0.00077943096 -0.005405158
-0.009755554 -0.004537278 -0.0034862212 -0.0022584253 0.011462692
-0.00711131 -0.009655109 -0.0010429554 -0.0070838938 0.0013194265
-0.009382841 -0.010772299 -0.0018403745 -0.0076617603 0.0039211623
-0.02132905 0.0028691876 -0.010640922 0.006017995 0.03923819

-0.013267602 -0.0044578444 -0.0012337172 -0.0039250203 -0.015613905
-0.041654482 -0.040217727 0.024266949 -0.025359109 -0.023018138
-0.0019766192 -0.005170954 0.0046527116 -0.0028253137 0.0021429516
-0.005113208 -0.012797977 0.011415045 -0.007021058 0.00496984
-0.0075108563 -0.010588249 0.007956186 -0.006231301 -0.00084192463

-0.011433812 -0.0047494145 0.009018176 0.027900008 -0.003426166
0.023500465 0.020480525 -0.0091462545 0.041241955 -0.00047764616
0.020920444 0.013425288 -0.012352646 -0.0074959495 0.0029468965
-0.018844977 -0.015692344 0.007974645 -0.02634895 -0.0001297617
0.01735876 0.013073689 -0.00855548 0.011568559 0.0010883947

-0.007399628 0.0042693713 0.012663145 0.02369636 0.0076053813
-0.00029663686 0.0013723224 -0.0050106132 -0.0030450434 -0.0014202774
0.0055460995 -0.007662933 0.011012098 -0.0029171698 0.0007095857
0.012996974 -0.013490337 0.0052831187 -0.021694103 -0.0047532334
7.6232085e-05 0.0006241968 -0.0032001184 -0.0024664293 -0.0010380147

-0.0045442735 -0.010256715 -0.022248877 0.0026893525 -0.03556268
-0.002090568 0.012177808 -0.021630762 0.012242448 -0.007818721
0.003508211 -0.041872304 0.05075619 -0.034506653 0.0022837836
-0.004887923 0.01579649 -0.042025384 0.02036736 -0.02468911
-0.010049578 -0.00549901 -0.06079195 0.01713973 -0.06995934

0.01808784 -0.10784677 -0.011232427 0.004980526 -0.055337664
-0.027791593 0.07716241 0.007880857 -0.004680828 0.03610994
0.019821007 -0.032323953 -0.0032155777 0.0025762343 -0.01320835
-0.0095241405 0.010983715 0.0010634076 -0.0010852534 0.0038340525
-0.015222241 0.03304734 0.003340422 -0.0022544912 0.014686648

-0.03679882 0.029044116 -0.0085555175 -0.02542326 -0.031180779
0.012952959 -0.008053138 0.0075068357 0.00017343965 0.001012274
-0.00893002 0.0050882366 -0.0061359648 0.0017556357 0.0014311422
0.039379675 -0.015837885 0.04073012 -0.034430604 -0.03661203
0.008341796 -0.001773051 0.011904558 -0.013689897 -0.01501777

-0.017220214 -0.036996298 0.0032252204 0.03080548 -0.0045070997
-0.01913913 -0.042585224 0.001869287 0.026891124 0.00094452774
0.03323705 0.06732842 -0.010996665 -0.07989603 0.025261354
-0.0118062 -0.021641258 0.0065670954 0.039777435 -0.018209213
0.026626254 0.055353597 -0.0071521215 -0.056906164 0.014484382

-0.0036777535 0.0010867908 0.0023070166 -0.0031567812 0.0034209185
-0.028235305 0.010053902 0.010356616 -0.0144594405 0.020779883
-0.0216327 0.010889347 -0.005768877 0.007136334 0.005703847
-0.0015047913 -0.002523915 0.013710594 -0.018260712 0.010917924
-0.0044544577 0.003985778 -0.00868603 0.011435787 -0.0044157673

-0.0038136512 -0.021451252 -0.0006747723 0.0019060805 0.014258437
-0.008738488 -0.055111382 0.0042706258 -0.01186732 0.021963157
0.0065781637 0.03839293 -0.0001946418 0.00050398585 -0.022093376
-0.0059750886 -0.039220564 0.004420749 -0.012302814 0.012255134
-0.002847114 -0.016061995 -0.00045750572 0.0012939116 0.010559614

0.044181164 0.03306333 0.013158882 0.03656156 -0.039792445
0.026537687 0.04045166 0.037732795 0.03190709 -0.041263666
0.025843741 0.042574447 0.04135337 0.03260899 -0.04286634
0.020308543 0.03726125 0.03800867 0.027462855 -0.03689375
-0.027601656 -0.047002673 -0.046385862 -0.035567187 0.04707408

-0.018777153 0.0004966616 -0.0034343314 0.014092277 -0.0060631153
-0.009155745 0.017724546 -0.029665982 -0.013834788 -0.010629699
0.009822866 -0.019294886 0.03227405 0.015173128 0.011526616
0.015901353 -0.004846055 0.009994047 -0.0066924556 0.0070769354
-0.018582344 -0.017158326 0.024860827 0.0348506 0.0017466119

-0.015313255 0.015665568 0.016153976 -0.004800909 0.00020805601
-0.01653331 0.016740559 0.017560802 -0.0053408192 0.00037121915
0.0101250615 -0.010015643 -0.010917816 0.003485606 -0.00042743428
-0.028589077 0.029233526 0.030167866 -0.00897515 0.0003996917
-0.0030127773 -0.022567367 0.020924268 -0.024263836 0.02175729

-0.003408275 -0.044301458 0.0076929457 0.008884198 0.022907764
0.005007917 0.030831842 -0.008128021 -0.010596289 -0.017769674
-0.010152645 0.0213494 0.00870606 0.015467102 -0.0028645748
-0.006752914 0.025546988 0.004739082 0.009473864 -0.007167558
-0.009503346 0.0074790656 0.009308282 0.015374905 0.003118016

-0.028288294 0.034607146 0.03474792 0.024220504 -0.049535118
0.021964386 -0.027671475 -0.028145157 -0.01896952 0.038865868
0.025908263 -0.0050323955 0.0069703045 -0.01673698 0.031902157
0.031168753 -0.01709249 -0.0076751257 -0.022389797 0.043954205
-0.05475304 0.030102339 0.013594029 0.039347 -0.07725146

0.0080953045 0.009180593 -0.001906489 -0.0073112845 -0.0057668425
0.01231188 0.016019562 0.00087906106 -0.010623317 -0.012255923
0.002768448 0.0052614436 0.0032455185 -0.0019885388 -0.005567176
0.03954261 0.04635928 -0.0065289 -0.03534744 -0.030736499
-0.014659785 -0.019227633 -0.0013279277 0.012612281 0.014852557

-0.002392855 0.0022774728 -0.004908249 0.020406626 0.021877693
0.0054972093 0.011416533 0.018409345 -0.0066579017 0.0023421978
-0.0070255743 -0.0009676545 -0.017690614 0.041422002 0.040049437
0.007786635 -0.0044346987 0.017247343 -0.059214454 -0.061788235
0.012988963 0.012172943 0.037155796 -0.051493946 -0.04123503

0.0323308 0.024096599 0.013522834 -0.014587141 0.024214756
0.014516847 -0.001731448 0.011389589 0.0027268205 -0.02589017
0.015318324 0.0064671384 0.008504285 -0.0032529277 -0.003025399
-0.009784125 0.02120168 -0.016164823 -0.016645653 0.07613248
0.0027015952 0.011467905 -0.0028756987 -0.008206718 0.029715842

-0.010317017 -0.030657586 0.00043691063 0.072554424 -0.042987883
-0.010323228 -0.030648975 0.00044132187 0.07255486 -0.042965677
-0.0004048638 -0.026212534 -0.003815906 0.04280314 -0.046114814
0.025476864 0.016321447 -0.010180412 -0.08429148 0.0006612932
-0.0044905785 -0.0031280213 0.001755912 0.0152586065 -0.0005627778

-0.0033635208 -0.0030984555 0.025199858 -0.048547413 -0.018036079
-0.0045336913 -0.0010320445 -0.003394281 0.024030227 -0.005534383
0.0024205805 0.0031665193 -0.029265014 0.061589465 0.018573226
0.009298896 0.0019285778 0.009198225 -0.054642815 0.010227475
-0.012408226 -0.0065135797 0.034542553 -0.03919535 -0.037175648

0.0021931625 -0.013847254 -0.007024187 -0.016724918 -0.009998497
0.009873706 0.0039232024 -0.0047816 -0.005999296 -0.0045138663
-0.0055635786 0.009220633 0.0073247626 0.015334904 0.009530085
0.020129902 0.013121271 -0.007673306 -0.0068736374 -0.00607155
0.0011125302 0.008981949 0.002920481 0.008254785 0.0047108713

-0.034027074 0.025430286 -0.0011474682 0.002941344 -0.036484882
0.024858123 -0.0175098 0.0016277465 -0.0012362849 0.024276752
-0.00019633585 0.0009582929 0.0005932757 0.00071033725 -0.0020166407
-0.018402312 0.009866956 -0.0034931256 -0.0017294096 -0.011083045
-0.0063761 0.0058341105 0.00057510554 0.001464388 -0.00921549

0.005351278 0.006564984 -0.0016718715 0.010333205 0.007608201
0.017291388 0.019448236 0.00038520756 -0.0028183202 0.034455992
-0.004721806 -0.005038831 -0.0009969439 0.0063486136 -0.010930089
0.032329436 0.037209146 -0.0020574566 0.012108354 0.05968385
0.012077372 0.014590165 -0.0030307565 0.018675828 0.018437585

-0.03648986 -0.020777747 0.005221103 0.009241556 -0.006445571
-0.10359779 -0.06404636 0.01946136 0.028742494 -0.023175059
0.13314319 0.07786718 -0.020934591 -0.034737803 0.025498796
-0.013910789 -0.0038837064 -0.0017128194 0.0015231129 0.0014355128
0.11008626 0.04753767 -0.0018580231 -0.020377439 0.004841209

-0.009858972 -0.050605565 -0.060215794 -0.050720558 0.020833356
0.028475052 0.012025907 0.01243968 0.037236303 -0.018423146
0.025749411 0.014125749 0.0151626095 0.03632004 -0.017671516
0.045467135 -0.049614802 -0.06298218 0.0034031598 -0.007998105
-0.05732156 0.031887677 0.042489745 -0.029266285 0.019627031

0.00038079062 3.203526e-05 0.0008016783 -8.685505e-05 0.0016246878
-0.007416051 0.010715754 0.027498232 -0.018175755 0.012625484
-0.015670681 0.015575454 0.03123559 -0.026023915 -0.00091197994
0.0057499874 -0.0046243626 -0.0073145903 0.0076379655 0.004592362
-0.018892232 0.015913289 0.026768032 -0.026355842 -0.012280285

-0.00013895842 -0.0043668766 0.00053595833 0.024707468 0.020806588
-0.0012641605 0.014595258 -0.0034168905 -0.0700879 -0.059458874
0.00032690153 0.004148527 -0.00032588383 -0.024880368 -0.020902958
0.013766847 -0.013239148 0.014967424 -0.02761868 -0.019674266
0.011562343 -0.020437278 0.013993149 0.027382629 0.026144288

0.03176686 -0.0066218423 0.0050745923 0.017915424 0.008362783
0.01327723 -0.0028274474 0.0021800394 0.007426684 0.0034477587
0.058919292 -0.011575956 0.0087147225 0.033951193 0.016071986
-0.013036902 0.0019181204 -0.001292785 -0.008170919 -0.0040676277
0.010720915 -0.0029152015 0.0023848142 0.0053495523 0.0022813685

0.0046198773 0.01264165 0.006652218 0.017259235 -0.0027597705
0.00025191976 -0.0020507777 0.00093941047 -0.0004052429 -0.00079595216
-0.0014906148 0.013204312 -0.0057836585 0.0029234935 0.004961672
0.010397626 0.00150799 0.020642059 0.025605133 -0.012558068
-0.0007006639 -0.011742351 0.0010588288 -0.0074452204 -0.0018958424

0.029673863 0.04841892 -0.02775915 0.054341435 -0.019378718
0.006071752 0.06969208 -0.013507122 0.012057465 -0.062241606
-0.015741376 -0.03434044 0.015858814 -0.02896286 0.018716838
0.016750095 0.008919331 -0.013258773 0.030385299 0.0070085493
-0.0017305324 -0.04986239 0.007777272 -0.0039073825 0.04698202

0.009617688 -0.021193575 -0.010961636 0.022018591 0.02866508
0.025895355 0.005034811 0.011524896 -0.009714691 0.024012461
0.005728183 -0.00090891705 0.0012126566 9.84892e-05 0.0070434385
-0.025727151 -0.0073616235 -0.013009376 0.012273328 -0.021836298
0.0060665268 -0.011216563 -0.0054922737 0.011497833 0.016238783

0.016744401 -0.01353037 0.013400077 0.021894952 -0.011734525
-0.019470837 0.022765948 -0.011301696 -0.016751116 0.018711006
-0.011014618 0.012306193 -0.0067417757 -0.010185008 0.010172413
-0.014269714 0.021013169 -0.005648203 -0.0069160834 0.016830884
-0.010166736 0.008557063 -0.007928121 -0.012870727 0.0073710904

0.04794885 0.03932731 -0.0032717513 -0.031186575 0.029454399
-0.014464827 -0.031368263 -0.00045402657 0.02872954 0.00010481044
-0.01928415 0.009291773 0.003170911 -0.012330386 -0.023419613
-0.0043981676 -0.009429896 -0.0001300777 0.008628579 -1.7876351e-05
0.029863076 -0.0058636805 -0.004280539 0.010649162 0.032337457

-0.030659156 -0.027883621 -0.038401812 -0.015789513 0.04509738
-0.02537587 -0.021756714 -0.034475125 -0.015915627 0.038927197
-0.031622343 -0.029249841 -0.038610335 -0.015229733 0.04592037
-0.01762014 -0.015023189 -0.024109203 -0.011232036 0.027131386
0.03460699 0.03159596 0.043098494 0.017560111 -0.050756708

0.010654215 0.005446578 -0.0078992 0.02179607 0.006881042
-0.0020333312 -0.0014461712 0.005693016 -0.009581566 -0.0028996803
0.01953285 0.008074034 0.0051888255 0.01447829 0.0051593636
-0.01207732 -0.0016270233 -0.03784035 0.035910133 0.009936764
-0.00041741747 -0.00093111733 0.007695746 -0.010422069 -0.0030692597

-0.024313405 0.016285462 0.01436878 -0.015750373 -0.034217875
0.009745217 0.0081235375 0.011299436 -0.028816879 0.005301636
-0.0057273307 -0.005095654 -0.0070149675 0.017706512 -0.0029312435
0.01091948 0.0129753 0.017170334 -0.041575573 0.003716418
-0.04876584 0.007463935 -0.00052162266 0.028833447 -0.054160062

-0.0025732012 0.0014367811 0.0092588095 -0.005461474 0.007479148
-0.019772295 0.0048044743 0.008555315 -0.003431333 0.010212852
-0.023988478 0.0074343947 0.026493702 -0.014084037 0.024557227
0.027435297 -0.0074042096 -0.019275516 0.009319935 -0.01976158
-0.032330774 0.009035138 0.025823936 -0.012897058 0.025635134

-0.030123495 0.035539147 0.044049036 -0.026772503 0.0038596597
-0.029410405 0.033970386 0.01750845 -0.019094238 -0.009269723
-0.03056999 0.035685625 0.03137295 -0.02348682 -0.0028987497
-0.009024911 0.011708487 0.050387286 -0.01829584 0.020173158
0.0032974596 -0.0043721274 -0.021710526 0.007596628 -0.009058334

-0.016235407 0.019624865 0.018008381 0.02792136 0.017802564
0.03614549 -0.053383257 -0.041979082 -0.06367762 -0.0545572
0.019345006 -0.021637388 -0.021117674 -0.03299617 -0.01852353
0.03706662 -0.051873583 -0.04249025 -0.06485165 -0.05152834
0.042339917 -0.049110763 -0.046561014 -0.072492026 -0.043242015

-0.015843373 -0.0017692941 0.0045723277 -0.019524064 0.00543259
0.044874985 -0.004156654 -0.007979303 0.0505686 -0.011617905
-0.00057654415 -0.01334673 0.0073688203 -0.007565499 0.0056587295
0.03862386 -0.017411951 0.000633966 0.036384463 -0.0043115383
0.030773288 0.0014963784 -0.007828949 0.03692112 -0.009754247

-0.013930211 -0.001340598 -0.009251209 -0.0029513417 0.014565789
-0.0044020456 -0.0015509507 -0.001618348 -0.0018233657 0.0037412117
-0.013508427 -0.0005221812 -0.009871595 -0.0022473985 0.014719305
-0.008517902 -0.0020376875 -0.0042468007 -0.0027669943 0.007975576
-0.017994585 -0.003862399 -0.009483723 -0.0054959385 0.017186997

-0.017051876 -0.0016686688 -0.037522964 -0.06941514 -0.036725715
-0.072294414 -0.051835783 0.01775866 -0.008985805 -0.009184925
0.001480874 -0.00162852 0.010265239 0.017332422 0.008994579
-0.08130154 -0.06691792 0.054042976 0.04486452 0.017900173
-0.10641444 -0.08827138 0.07343632 0.06307897 0.025666503

-0.014628078 -0.027460938 -0.00600291 -0.0031089156 0.012768981
-0.046665106 -0.0648349 -0.030639913 -0.005361849 0.034207493
0.01839597 0.024905762 0.012408158 0.0019830493 -0.013297836
-0.011302744 -0.02562308 -0.0024154696 -0.0032835566 0.011128945
-0.027834209 -0.043165635 -0.01600795 -0.0040973583 0.021691848

0.002858204 -0.01734983 -0.022771956 0.0050958684 0.016583849
-0.0012058037 0.06137247 0.03537008 -0.021511002 -0.0305218
-0.0033868682 -0.010236804 0.012305841 0.0049922615 -0.0062480364
-0.0017152106 -0.05807376 -0.018976578 0.021472666 0.019854922
0.00018883607 -0.0571334 -0.02818952 0.020390632 0.02546294

-0.0013044185 0.011473467 -0.021624492 -0.018775549 -0.0007065224
0.00024889325 -0.0064945132 0.002165359 0.006028335 -0.008414954
-0.00067122944 0.02033939 -0.0045532403 -0.01786221 0.028303271
0.0027404765 -0.012836634 0.050563175 0.033044487 0.023861555
-0.0011219615 0.013349433 -0.01701446 -0.018126741 0.006304801

-0.006177942 0.004658396 -0.0013479978 -0.0005884083 -0.0043459437
0.0028607743 -0.00061223254 0.0012735655 0.0011724086 0.003901293
-0.0055339728 0.0028106763 -0.001780029 -0.0013205551 -0.005558344
-0.0047509475 0.0051325536 -0.0003850626 0.00045051047 -0.0014468202
-0.01735482 0.010646703 -0.0048121097 -0.0030739822 -0.015191036

0.03106036 -0.01600767 0.047359813 -0.011445267 0.025342295
0.00085621607 0.01279638 -0.00023118417 -0.006041483 -0.008097674
0.027493428 0.047574274 0.03475346 -0.036838282 -0.018595913
0.018866206 0.049243614 0.021921316 -0.03245813 -0.023789689
-0.015809326 -0.028985478 -0.019794874 0.021887548 0.011775659

0.0039791074 -0.019199982 0.0047078463 0.01776588 0.001677185
0.037065987 0.024238713 -0.03056651 -0.005904776 -0.034437742
-0.032449182 0.05972984 -0.0029041518 -0.063147716 0.01019449
-0.030187376 -0.029607676 0.0285098 0.013136308 0.030479094
-0.0065242797 -0.0082061235 0.0068239234 0.0043642223 0.0070327804

0.012023979 0.0030091587 0.022054916 -0.011767105 -0.024550356
-0.027464323 0.0026944638 -0.040225934 0.028545497 0.02438823
0.0039830115 0.00078233425 0.0070782914 -0.0039353077 -0.0074221436
-0.028911885 -0.0035377434 -0.04910847 0.028938856 0.046784762
0.02794838 0.00019343119 0.044049036 -0.028536899 -0.034539916

-0.0051201982 -0.056398295 0.0064514354 0.0146564245 -0.014941183
-0.028059093 -0.044025615 -0.012687787 0.01325577 -0.021356944
-0.0031114884 0.028112784 -0.007387687 -0.00687863 0.0051660426
-0.0072981403 -0.024102872 -0.0010067695 0.0066490704 -0.008443955
-0.0147631755 -0.03981229 -0.0036578928 0.011186958 -0.01503851

-0.010831358 0.0011290933 -0.015943514 0.0003651711 -0.005102063
-0.032898504 0.012275857 -0.01592882 0.0056481883 0.012035922
0.00046482275 -0.0109785255 -0.03946705 -0.0056238202 -0.033798594
0.033773135 -0.0037983798 0.04869293 -0.0012811557 0.015044198
-0.019772451 -0.0028974898 -0.047319964 -0.0018776278 -0.024746418

-0.043937366 0.041202106 -0.031932615 -0.06465692 0.04249576
0.021226542 -0.017585464 0.0065267733 0.03680264 -0.019992901
-0.028789407 0.029856658 -0.03189492 -0.035503916 0.028507017
0.037948824 -0.025864828 -0.009719913 0.079172455 -0.03445238
0.04687185 -0.045647547 0.040563595 0.064911105 -0.04572617

-0.015801521 0.0030711594 -0.0069482056 -0.009251125 0.011469371
-0.08703747 -0.022924857 -0.02422799 0.003713906 0.070613645
0.005110395 -0.003899143 0.0032714466 0.0069794194 -0.0031667943
0.04201708 0.024192816 0.007069161 -0.01980438 -0.03653915
0.0077993455 0.00991815 -0.00060093665 -0.011123688 -0.007795816

0.014742378 -0.020728301 0.02263283 -0.03869205 0.040217854
-0.02132172 0.020272732 -0.033739064 -0.01127305 -0.008047704
0.02155759 -0.02859568 0.03327336 -0.044699255 0.049954362
-0.054075323 0.058010012 -0.084884524 0.017091842 -0.054464098
0.048337173 -0.04952843 0.07611803 0.0008326045 0.03667489

0.051680356 -0.034359667 0.009073009 -0.04822026 -0.016508713
-0.010317781 0.043895196 0.013553095 0.047751997 -0.0029919073
-0.035981428 -0.015567772 -0.0226997 -0.0070794174 0.01819841
-0.0005320892 0.067663625 0.027830703 0.06978659 -0.011257778
0.00803517 0.013970992 0.009422904 0.012384171 -0.0058457013

-0.077337734 -0.045951977 0.016107624 0.02607915 0.03637478
-0.024179315 0.0005795142 -0.0070159477 -0.00479095 -0.0063546826
-0.02082575 -0.019736711 0.010274386 0.013399231 0.018527625
-0.013283088 -0.017632565 0.010620532 0.012914846 0.017799892
0.009744941 -0.013904296 0.013851072 0.013770726 0.018775435

-0.030728823 -0.0043967506 -0.008892452 0.031032545 -0.024367122
0.024366124 -0.018079171 -0.011579012 -0.0065922695 0.002344713
0.048599485 -0.046119172 -0.03178507 -0.004745587 -0.0032423302
-0.023367947 0.033031672 0.024661768 -0.0067869877 0.010105391
-0.028088938 -0.030182803 -0.030731073 0.050222382 -0.04287059

0.027115498 0.023257673 0.006773811 0.0018433129 -0.013102373
-0.01961162 -0.027840335 -0.020257913 0.007398778 0.01288932
-0.039490275 -0.029536396 -0.0038222575 -0.006120185 0.017739134
-0.010420081 0.017206341 0.03383746 -0.021426156 -0.0030624445
-0.07212767 -0.02149134 0.038257234 -0.036898058 0.02234745

-0.02000826 0.038268633 -0.025878489 -0.033102386 -0.040191993
-0.03555514 -0.1268597 0.08241741 0.11857366 0.1188987
0.016922822 0.03680512 -0.023692816 -0.034974445 -0.033565644
0.03449257 0.092370555 -0.0597262 -0.08708375 -0.08536318
0.027328866 0.06489711 -0.041859694 -0.06145132 -0.059538346

-0.09114352 0.016382156 0.08731049 -0.017494181 -0.018118186
0.048275717 -0.008429837 -0.046360686 0.009485401 0.009494439
0.06873129 -0.027101941 -0.058969352 0.0001106881 0.019757029
0.0066915005 -0.0039531193 -0.005128631 -0.0011552289 0.002466678
-0.01801234 0.018534984 0.010127456 0.010111572 -0.009901705

-0.004027766 -0.024183549 -0.014095719 0.012985211 0.0336267
-0.018744322 0.0066583077 -0.014640401 0.024653558 0.010564082
0.007656934 -0.0046992 0.0051343716 -0.00947676 -0.0018922946
0.01068888 0.032826923 0.024004875 -0.025050588 -0.05085855
0.012703247 -0.0027590287 0.010671523 -0.017234253 -0.009305875

-0.0075537288 7.429649e-05 -0.02595576 -0.0044139726 -0.013970231
0.009528334 -0.002696902 0.025016159 0.0084946975 0.01674187
0.019452373 -0.003204927 0.0578988 0.014755193 0.034957077
0.005364591 -0.00707063 -0.0023911495 0.011025266 0.007548375
0.0054569305 -0.0044160536 0.005805984 0.008093543 0.008617129

0.05099787 -0.0022851254 0.03025828 0.03941849 -0.009216068
0.013340218 -0.0040872353 0.008353411 0.007140533 -0.0049728043
0.002370061 0.009487906 0.00020104341 0.010549577 0.0066158264
0.021820303 0.006117576 0.012055234 0.023312995 0.0012662254
-0.0063305814 0.0034967442 -0.0041597015 -0.0019736274 0.0035031217

0.011624528 -0.01994162 -0.012976421 0.010392848 -0.0228488
-0.017950054 0.017396783 0.0029179838 0.0016743005 0.012685816
-0.012569904 0.0013330951 -0.011821579 0.015525665 -0.009416912
0.022262268 0.00021224176 0.024225421 -0.030901445 0.021018574
-0.014296691 0.014574861 0.0032427206 0.00038254936 0.011316387

-0.01698196 0.014175446 -0.02047056 -0.0082676755 0.032154515
4.989868e-05 0.013879993 -0.006717533 -0.004701354 0.01528452
0.020973949 0.05409554 -0.009577052 -0.01409426 0.039385702
0.06287227 -0.009243913 0.054737993 0.015932493 -0.07128153
-0.054157343 -0.026077455 -0.03057837 -0.0021692836 0.02379753

-0.018250912 -0.00384777 -0.0050789095 0.008169988 -0.009909135
-0.013640251 -0.0019563069 -0.0035381133 0.005974178 -0.0061041755
-0.0064549698 0.0003559173 -0.0013150553 0.002643346 -0.0010741268
0.0210591 -0.0052351775 0.0031482975 -0.008039555 -0.0022634286
-0.0067388644 0.01222504 0.0019498585 0.0010596673 0.015660029

0.0031784393 0.049510803 0.039823677 0.055569213 0.07951006
-0.002814284 -0.0190567 -0.014695305 -0.020363444 -0.028920965
-0.003028804 -0.013430316 -0.009940758 -0.013677613 -0.01927664
-0.009323405 -0.019570833 -0.012532814 -0.016767457 -0.022897873
-0.011622643 -0.019192424 -0.011304203 -0.014845524 -0.019832954

0.020382946 0.01144799 -0.010190289 -0.016289651 -0.0045798747
-0.020974144 -0.010168573 0.0075702677 0.022972263 0.0010605493
-0.04417287 -0.033065055 0.0370205 0.0034873565 0.02863541
0.0030928948 0.012908874 -0.02175913 0.04058122 -0.026014274
0.005291956 0.00403778 -0.0045735985 -0.00012277767 -0.0036040468

0.011414252 0.010940801 0.006381739 -0.010777635 0.034055483
-0.004119685 -0.00077722414 0.0017765862 0.0046144845 -0.008745446
0.0012475244 -0.0006299805 -0.0016511575 -0.0015950529 0.0016807972
0.012361538 0.004758511 -0.0022095528 -0.013291912 0.028954437
0.0008083172 0.013627301 0.016985372 0.002173015 0.016781569

-0.04603338 0.0026342575 -0.027723948 0.006526051 -0.024935825
-0.025330257 -0.0011098657 -0.016479002 -0.000271236 -0.01499103
-0.016402617 -0.0122678215 -0.016192727 -0.017603878 -0.015437729
-0.012382107 -0.014444005 -0.014701794 -0.021110637 -0.014225449
-0.022435479 -0.007935547 -0.017919822 -0.010731953 -0.016727434

0.03781463 -3.0024155e-05 -0.015833398 -0.021659305 -0.015324331
0.0090906 -0.009868514 -0.004455139 -0.011849282 0.0038101554
-0.019356342 0.007503978 0.008597411 0.016131049 0.0021531514
-0.019454794 0.016871488 0.009254947 0.022497186 -0.004925749
-0.01792055 -0.004513129 0.007205662 0.0072149043 0.010702854

-0.0034363759 0.016100723 0.003674108 -0.013933556 0.037328657
-0.010427696 0.0022879655 -0.014115258 -0.003930596 0.035887413
-0.0013604548 -0.016442133 -0.010923444 0.01327334 -0.023136415
0.0061336197 0.03610861 0.028621888 -0.028532231 0.041130118
-0.012005759 0.0043127746 -0.0153407445 -0.005907747 0.044107717

-0.018917149 0.010919099 -0.040370636 -0.037121918 -0.04051045
-0.0053963275 0.01674754 -0.029731268 -0.022651184 -0.027750244
0.017507195 0.017690884 0.00022247616 0.009762115 0.004472341
-0.015525756 0.0026380625 -0.024684137 -0.024872046 -0.025736272
-0.013091509 0.0123260515 -0.034311004 -0.029909939 -0.033700727

-0.009233276 0.014546956 -0.0046735397 0.012403042 -0.0027498167
-0.013435964 0.025110964 -0.009212377 0.021978855 -0.0026891187
0.025020188 -0.042910673 0.014799929 -0.037090186 0.0062892498
-0.00857017 0.012949648 -0.0039999047 0.010961437 -0.002736261
-0.01766142 0.0285981 -0.009412159 0.024494797 -0.005002673

-0.060753535 0.0007205923 0.021037506 0.035546836 -0.0069619603
-0.025796425 -0.0010307396 0.031728286 0.006089318 0.00025086282
0.06254203 7.041673e-05 -0.035508066 -0.031122103 0.005218266
0.0133680245 -0.00029771947 -0.0022558176 -0.008759025 0.0018657605
0.071250215 0.00055135443 -0.048486594 -0.032281883 0.0048145247

0.00022588087 0.0039247046 0.0040937006 -0.0041914773 0.004589348
-0.024254704 -0.06640036 -0.1254892 -0.024451574 0.024414508
-0.012129724 -0.061917245 -0.0881565 0.026145987 -0.029616449
0.018274982 0.029656196 0.0765269 0.04565481 -0.048076473
0.0034556761 0.05385958 0.057158045 -0.05585968 0.061203156

-0.0078512635 0.012282508 0.027629452 0.021064343 0.019458342
0.008029999 0.00046066218 -0.014209576 -0.007979919 -0.005957138
0.033956878 -0.00034107998 -0.06255825 -0.036129337 -0.027642326
0.02398684 -9.123183e-05 -0.0440291 -0.025365522 -0.019366002
0.026202282 0.007814772 -0.039557643 -0.019464977 -0.012680263

0.013575196 -0.0010550098 0.004327631 -0.016433194 0.0031950097
0.0054395567 0.008481233 0.014821801 0.0143384775 -0.0068890257
0.0018423456 0.017430423 0.026418317 0.039065562 -0.015689906
0.00986334 0.012867135 0.023184123 0.020097557 -0.010187287
0.0153212715 -0.012753472 -0.012111552 -0.045717925 0.014214619

-9.136981e-05 -0.041971534 -0.05167946 0.004954911 0.049437217
-0.012532527 0.03432235 0.04447512 -0.009114885 -0.03136258
-0.022868875 0.025681976 0.035648204 -0.0122383125 -0.013766781
-0.0043060076 -0.04088945 -0.049606506 0.0031336488 0.051194757
0.0036032747 -0.038012367 -0.047451884 0.005967801 0.04212349

0.010531189 0.0032934803 -0.0040229075 -0.011782298 0.008917317
0.01770893 0.0054870853 -0.0069342363 -0.020146787 0.01536886
0.02725667 0.011402355 -0.0008743624 -0.011691784 0.0020398858
0.015942002 0.0063707912 -0.0014997831 -0.008786882 0.0033734362
-0.0266061 -0.011040524 0.0011506526 0.011998555 -0.0026467224

