100
0.19760388 0.20216891 0.20275407 0.19885148 0.19862169
0.20183805 0.19989094 0.19685099 0.20144656 0.19997346
0.20048696 0.19654615 0.2014924 0.19911085 0.2023637
0.200707 0.20214817 0.19728796 0.20136608 0.1984908
0.19967616 0.1962813 0.2031012 0.19836143 0.20257996

0.19896258 0.20225029 0.19987956 0.19700305 0.20190455
0.2017362 0.1972555 0.20013975 0.20327999 0.19758849
0.19790491 0.20197287 0.19985239 0.19839571 0.20187415
0.19955829 0.20076922 0.19995776 0.199048 0.20066677
0.20479631 0.19421841 0.20030433 0.20595424 0.1947267

0.2024632 0.19757573 0.19950451 0.20121734 0.19923918
0.19664878 0.19977598 0.20040934 0.20100398 0.20216197
0.20247681 0.20051578 0.19971538 0.19898428 0.19830772
0.20254624 0.20076251 0.19972332 0.1987808 0.19818714
0.20201145 0.20087455 0.19980088 0.19883244 0.19848068

0.19716552 0.19872366 0.20248353 0.19661693 0.20501028
0.20455462 0.19919294 0.19783306 0.20586771 0.1925516
0.19401868 0.20409991 0.20049284 0.19198091 0.2094077
0.19441122 0.19969748 0.20330481 0.19304584 0.20954068
0.19789748 0.2051842 0.19766314 0.19666912 0.20258601

0.20413354 0.20246112 0.19769344 0.19709563 0.19861633
0.19762748 0.19869216 0.20131327 0.20161605 0.20075105
0.19740348 0.19921497 0.20134744 0.20140907 0.20062506
0.1997068 0.19809781 0.20040548 0.20116651 0.2006234
0.19795297 0.19919547 0.20108771 0.2012139 0.20055

0.1978492 0.20188227 0.201949 0.19915651 0.19916305
0.19019265 0.19542824 0.20274161 0.20655705 0.20508045
0.19495484 0.19724962 0.20121342 0.20368746 0.20289461
0.20318446 0.20626846 0.20126455 0.1941588 0.19512385
0.2070856 0.20136145 0.1971647 0.19679461 0.19759366

0.20097627 0.19813934 0.20063114 0.19943461 0.2008186
0.2003841 0.19367154 0.20989545 0.19417122 0.20187774
0.19480631 0.20652355 0.20267335 0.19938612 0.19661069
0.20050302 0.19593847 0.20568751 0.19657493 0.20129608
0.1992387 0.20064585 0.20091103 0.19961226 0.19959213

0.1858704 0.20926143 0.19816267 0.2062237 0.20048183
0.20588481 0.1968112 0.20043221 0.19751261 0.19935913
0.2016593 0.19989502 0.19979142 0.19937968 0.1992746
0.21455932 0.19286335 0.20069283 0.19397342 0.19791111
0.21490318 0.19459419 0.19989872 0.19404493 0.19655891

0.19889519 0.19644606 0.20332381 0.1966051 0.20472988
0.2005802 0.20898373 0.19302152 0.20760292 0.18981159
0.20685795 0.19784123 0.19675651 0.20137247 0.19717187
0.19906853 0.20367877 0.19799432 0.2025557 0.1967027
0.20677486 0.19297497 0.20033383 0.19730002 0.20261632

0.19349912 0.20082478 0.20055826 0.21000713 0.19511062
0.1912803 0.20144166 0.19974038 0.2142643 0.1932733
0.20630412 0.1985944 0.20043038 0.18982594 0.20484513
0.19582042 0.20413303 0.19120897 0.2134398 0.19539772
0.19840589 0.20190041 0.19589575 0.20566863 0.19812928

0.19809517 0.20112759 0.20257145 0.19960324 0.19860254
0.20189041 0.19857512 0.19730932 0.1976565 0.20456874
0.19808137 0.20090406 0.20247433 0.19742918 0.20111103
0.20019759 0.19944485 0.19949475 0.19612531 0.2047375
0.20286472 0.19862527 0.19632824 0.20388699 0.19829474

0.20211378 0.19873923 0.19790089 0.19930866 0.20193747
0.19962278 0.20020926 0.20016201 0.20012629 0.19987963
0.20736429 0.19537356 0.19049712 0.19753724 0.20922773
0.19981827 0.20007382 0.1997115 0.20006725 0.20032912
0.20352541 0.19783978 0.19584635 0.1988464 0.203942

0.18945165 0.20939082 0.20345521 0.19933335 0.198369
0.1989092 0.2020536 0.20209077 0.19874543 0.19820097
0.19908692 0.20219629 0.20250106 0.19843182 0.19778398
0.19893913 0.20249932 0.20282488 0.19823371 0.19750293
0.20164116 0.19870116 0.19963917 0.19995871 0.20005976

0.19875392 0.1989291 0.20487063 0.19869824 0.19874813
0.1999567 0.20186645 0.19662823 0.2013978 0.20015082
0.20740974 0.19183652 0.19825168 0.19659764 0.20590447
0.20040019 0.20117728 0.19688316 0.20105186 0.20048752
0.19956315 0.19872937 0.20337339 0.1988649 0.1994693

0.2164419 0.1967539 0.19888486 0.1923663 0.19555305
0.20035942 0.20397307 0.1979767 0.19781312 0.19987766
0.19479623 0.20147753 0.20005766 0.20226127 0.2014073
0.18979423 0.20190433 0.20056917 0.20496973 0.20276257
0.19347635 0.20401329 0.19900262 0.201754 0.20175375

0.20624751 0.19452058 0.20382553 0.19186972 0.20353661
0.19511716 0.20599215 0.19280428 0.21185265 0.1942338
0.20520377 0.19648534 0.20083831 0.19616541 0.20130712
0.19634664 0.20544487 0.19230595 0.211849 0.19405355
0.20953874 0.19324906 0.20227209 0.1920452 0.20289496

0.20040405 0.19828603 0.20102341 0.20234294 0.19794358
0.20066825 0.20013829 0.20160818 0.19859949 0.19898573
0.19941875 0.19125982 0.19909075 0.21664943 0.19358118
0.19959362 0.20141593 0.19899803 0.1981822 0.20181027
0.20119755 0.20735705 0.20292158 0.18502077 0.20350304

0.20216493 0.20175733 0.19908054 0.19780794 0.19918926
0.2016903 0.20124024 0.19930351 0.19820434 0.1995616
0.20167987 0.2045714 0.19875832 0.20025535 0.19473504
0.19981459 0.20353645 0.19946766 0.20248152 0.19469969
0.20000152 0.19806334 0.200297 0.19875236 0.20288573

0.1964343 0.21785298 0.19611983 0.19283144 0.19676146
0.20278986 0.19140342 0.20281556 0.19877087 0.20422035
0.19914015 0.20767531 0.19891755 0.19402178 0.20024519
0.19955425 0.21027279 0.1991629 0.1888867 0.20212331
0.20464233 0.18974677 0.20450167 0.19274236 0.20836683

0.19259083 0.20049816 0.20924461 0.20519291 0.19247347
0.19343407 0.20110382 0.2088693 0.2056819 0.19091092
0.18650843 0.19701792 0.21293673 0.20316242 0.20037445
0.18237635 0.19634345 0.21748874 0.20465055 0.1991408
0.20469935 0.19952947 0.19422528 0.19661333 0.20493251

0.20166741 0.199003 0.20018606 0.1983436 0.20079993
0.20151033 0.19910412 0.1997064 0.19845943 0.20121972
0.20129268 0.19923683 0.19951372 0.19866043 0.20129642
0.2015769 0.1990689 0.19939353 0.19836544 0.20159517
0.19827805 0.20103511 0.19960544 0.20170821 0.19937317

0.19961521 0.20020275 0.19700189 0.20243384 0.20074636
0.19955045 0.19977227 0.19719762 0.202501 0.20097868
0.20051189 0.2009631 0.20220894 0.19762442 0.19869173
0.19908786 0.19670698 0.19866158 0.20291993 0.20262368
0.19952148 0.19827896 0.19926363 0.201556 0.20138001

0.19706798 0.20318055 0.20243141 0.1988512 0.19846892
0.20756853 0.1978472 0.19466415 0.20090538 0.19901465
0.20597684 0.19577625 0.19540964 0.20155387 0.20128341
0.20223929 0.20156085 0.19869724 0.19955893 0.19794375
0.20261128 0.19636491 0.19772378 0.20127344 0.20202653

0.20127581 0.19707373 0.20311917 0.19667223 0.201859
0.20528275 0.19741687 0.20222403 0.19572878 0.1993476
0.20070317 0.19847454 0.2016189 0.19825226 0.20095107
0.19988698 0.19997576 0.2000405 0.2000133 0.20008357
0.20798655 0.19570644 0.20378011 0.19319202 0.19933487

0.20563929 0.19745909 0.19938801 0.20211625 0.19539747
0.1951237 0.20243223 0.19985177 0.19853377 0.20405848
0.20663138 0.1952852 0.20424443 0.1991138 0.19472517
0.19873284 0.20137496 0.19786185 0.20105574 0.20097458
0.1969689 0.19867057 0.2078453 0.19385183 0.2026634

0.19991359 0.20285183 0.1997239 0.19705547 0.20045519
0.20021676 0.20073506 0.20016398 0.1986692 0.20021504
0.19861747 0.20243719 0.19847602 0.20061071 0.19985859
0.20076562 0.19856639 0.2008511 0.19975913 0.20005776
0.20070143 0.19740692 0.20086668 0.20119824 0.19982669

0.19736475 0.2095766 0.20038584 0.20194508 0.19072774
0.19595386 0.20035179 0.20129336 0.20351173 0.19888924
0.20127176 0.20293663 0.1994701 0.19884235 0.19747913
0.2042032 0.19289595 0.19882819 0.19645241 0.20762023
0.20447275 0.19423275 0.1987134 0.19623327 0.20634788

0.19918053 0.19866623 0.19819081 0.20288521 0.2010772
0.19775306 0.19569796 0.1966816 0.20719893 0.20266841
0.20310906 0.2128493 0.18990847 0.19593152 0.1982017
0.19791554 0.19136031 0.20858635 0.20149857 0.20063922
0.2006137 0.20097873 0.20144215 0.1977994 0.19916606

0.2017667 0.19961868 0.1982309 0.2023843 0.19799939
0.20028771 0.19960275 0.20107988 0.19872226 0.20030746
0.2031235 0.19858652 0.19995698 0.20042093 0.19791201
0.19961731 0.2002453 0.199712 0.20030396 0.20012142
0.20135084 0.1992327 0.20061791 0.19941151 0.19938707

0.20077918 0.20063344 0.1997531 0.19931078 0.19952358
0.20306604 0.2019515 0.20066817 0.19647262 0.19784169
0.19925396 0.19912855 0.20106222 0.2002423 0.20031303
0.20272265 0.20169798 0.20070603 0.19680944 0.19806392
0.20230949 0.20131326 0.2009967 0.19709198 0.19828856

0.20049465 0.20030646 0.19801067 0.20138933 0.19979887
0.20297247 0.20054531 0.20051314 0.19757295 0.19839612
0.20354058 0.20059985 0.20105138 0.19673486 0.19807334
0.20358802 0.20062934 0.20086288 0.19686423 0.19805555
0.19584596 0.19922543 0.1990147 0.20365058 0.20226339

0.19681884 0.19602925 0.20344487 0.20241135 0.20129572
0.21941137 0.21809456 0.18701038 0.18621299 0.18927066
0.17718956 0.1782838 0.2157613 0.2165899 0.21217552
0.19679795 0.19735314 0.20168848 0.20225494 0.20190553
0.19227257 0.19175285 0.20655376 0.20568396 0.20373689

0.19996287 0.19909191 0.19714767 0.1999021 0.20389542
0.20129853 0.19822052 0.19306563 0.20171788 0.20569746
0.19810276 0.1982123 0.19634108 0.19730377 0.21004006
0.2012908 0.19808954 0.19267073 0.20170236 0.2062466
0.2025042 0.20327768 0.20824851 0.20376234 0.18220727

0.19966193 0.2018107 0.19786207 0.20181961 0.19884571
0.19250426 0.2115695 0.19967024 0.20018567 0.19607033
0.18105692 0.22729501 0.20361604 0.19616981 0.19186224
0.19925943 0.20049222 0.20099269 0.19917065 0.20008509
0.1847065 0.22124965 0.20381661 0.19634822 0.19387898

0.20340014 0.19800606 0.19298327 0.19296624 0.21264434
0.19978254 0.19997479 0.2014931 0.20066924 0.1980804
0.1942635 0.20348465 0.20607805 0.21017706 0.18599668
0.19183509 0.20441346 0.21071266 0.21474265 0.1782962
0.21263902 0.19043285 0.18050674 0.17475285 0.2416685

0.19856791 0.20161733 0.20762159 0.19814356 0.19404964
0.2012858 0.19903691 0.19952881 0.1952992 0.2048493
0.20538425 0.19409487 0.18371163 0.19282767 0.22398157
0.20190081 0.19773063 0.19111522 0.20085624 0.20839706
0.19585608 0.20340408 0.20882092 0.20714186 0.1847771

0.19908562 0.20252627 0.19855854 0.20116203 0.19866747
0.20005202 0.19984424 0.2000265 0.19998673 0.20009056
0.20018415 0.19977868 0.20168556 0.19844083 0.19991077
0.20132405 0.19603907 0.20066276 0.19965404 0.20232008
0.19902113 0.20207256 0.19580416 0.20382643 0.19927578

0.19885145 0.1997022 0.20022024 0.20315091 0.19807513
0.19858755 0.20097372 0.19997594 0.1996106 0.20085225
0.20110135 0.19863737 0.20014817 0.20223369 0.19787937
0.20083489 0.19826147 0.20026013 0.20392925 0.19671421
0.19287439 0.20526996 0.19975998 0.19700332 0.20509233

0.19888352 0.19915846 0.20001145 0.20230348 0.19964303
0.20048378 0.19844173 0.20099562 0.2001476 0.19993123
0.19889407 0.1996783 0.19974586 0.20197608 0.1997057
0.19901946 0.19341718 0.203082 0.2054997 0.19898164
0.20260623 0.19980304 0.20106831 0.19595475 0.20056763

0.20108658 0.198858 0.1978177 0.20187736 0.20036031
0.2000804 0.19858596 0.19803154 0.20423084 0.19907121
0.19856879 0.20246854 0.20421514 0.1945173 0.2002302
0.19936442 0.20144472 0.20234133 0.19649369 0.20035583
0.20168723 0.19582056 0.19336662 0.2102769 0.19884877

0.21027972 0.19964653 0.19627333 0.19653022 0.19727014
0.20989744 0.19967997 0.19638664 0.19667785 0.19735813
0.20451845 0.20079152 0.19710937 0.19947997 0.19810063
0.20425308 0.19882356 0.19984868 0.19742249 0.19965221
0.2072806 0.2002667 0.19668163 0.19808246 0.1976886

0.19958615 0.20234941 0.20390332 0.19809029 0.19607079
0.20277107 0.19638196 0.19944371 0.19915783 0.20224538
0.20230053 0.19814987 0.20197417 0.19802794 0.19954751
0.19873914 0.2020433 0.20103456 0.19995528 0.19822772
0.20159015 0.19825774 0.20039272 0.19914685 0.20061253

0.19770788 0.19659992 0.20912096 0.1998303 0.19674094
0.20533474 0.19247347 0.19868743 0.19326676 0.21023756
0.2002232 0.19869056 0.20124254 0.1992711 0.20057264
0.20123976 0.19760485 0.20056391 0.19815023 0.20244129
0.2037168 0.18729578 0.20882626 0.1917675 0.2083937

0.18606773 0.17956495 0.2123298 0.18971643 0.23232105
0.19830608 0.19780092 0.20106135 0.19896382 0.20386787
0.19277532 0.18809164 0.20833747 0.19420312 0.2165925
0.20689562 0.21322474 0.18992126 0.20589855 0.18405983
0.19060297 0.18386067 0.21196415 0.19203892 0.22153325

0.20003845 0.19992824 0.20013268 0.20300645 0.19689421
0.20122087 0.19972657 0.19910283 0.20229469 0.19765504
0.19196256 0.20149708 0.20673035 0.19701949 0.20279054
0.1902312 0.20166306 0.20867547 0.20386235 0.1955679
0.20280866 0.19953908 0.19707304 0.19241181 0.20816742

0.19940977 0.20415387 0.19870688 0.20164888 0.1960807
0.19877498 0.19933963 0.20087607 0.19833352 0.20267576
0.20023964 0.19764915 0.20076694 0.19896142 0.20238288
0.19892 0.20425537 0.19892608 0.20117302 0.19672555
0.19949901 0.2020142 0.19948867 0.20056975 0.19842839

0.19754887 0.20166822 0.2005565 0.20211306 0.19811337
0.20328707 0.19805744 0.19880322 0.19670479 0.20314749
0.19518715 0.20189795 0.20299765 0.20637007 0.1935472
0.20054924 0.19889669 0.20093963 0.20074016 0.19887431
0.20163617 0.19944434 0.19879614 0.1976619 0.20246147

0.19537248 0.2014148 0.19327271 0.20257321 0.20736685
0.20330736 0.1978457 0.19944908 0.20077416 0.1986237
0.20256288 0.1980411 0.1981901 0.20128874 0.19991711
0.19641215 0.20119917 0.195176 0.20180383 0.20540878
0.20056309 0.19871356 0.19559957 0.20227213 0.2028516

0.20314452 0.20223655 0.20197178 0.19578613 0.19686107
0.20471354 0.20389694 0.20344387 0.19264156 0.19530414
0.20111145 0.20092617 0.20082058 0.19824612 0.19889571
0.19607133 0.19601892 0.1964462 0.20764157 0.20382196
0.19844295 0.19881989 0.19895495 0.20223017 0.20155203

0.19936825 0.19254392 0.20375906 0.19808057 0.20624816
0.19572033 0.20308557 0.20577744 0.19726494 0.19815174
0.20098166 0.20472749 0.1966058 0.20164482 0.19604014
0.19978166 0.18933596 0.2042173 0.19776456 0.20890056
0.20309514 0.19101825 0.19832858 0.20062365 0.20693433

0.19913809 0.1995024 0.20257515 0.20068926 0.19809516
0.20033555 0.20000352 0.20097837 0.20026301 0.19841962
0.20075615 0.19986884 0.20355864 0.20094202 0.1948743
0.19900857 0.20001328 0.19666897 0.19907841 0.20523077
0.1998402 0.19949615 0.20467035 0.20123444 0.19475883

0.19875592 0.19944952 0.19995345 0.204247 0.19759408
0.19946836 0.20098247 0.19917147 0.19990166 0.20047602
0.20016417 0.20172624 0.19888747 0.19681734 0.20240481
0.19921964 0.20248535 0.19808777 0.19820197 0.20200525
0.19958515 0.20031796 0.19965334 0.20063029 0.1998132

0.19901629 0.20544076 0.205182 0.19559713 0.1947639
0.20130965 0.19925278 0.19890353 0.19932935 0.20120472
0.20833912 0.1904062 0.18874411 0.20031013 0.21220048
0.20917399 0.18822782 0.18652469 0.20146406 0.21460943
0.206956 0.19450992 0.19285946 0.19787936 0.20779523

0.19888376 0.19846934 0.19883657 0.19961067 0.20419963
0.1984952 0.19799276 0.19847463 0.19943635 0.20560104
0.19825599 0.1979974 0.19848955 0.19913366 0.20612334
0.20016731 0.2004908 0.20038116 0.19988702 0.19907366
0.20254466 0.20309374 0.20231032 0.20111279 0.19093856

0.19739127 0.20401064 0.19289269 0.19397856 0.21172678
0.20596409 0.19378333 0.21499054 0.19407094 0.19119108
0.19658487 0.20436649 0.19130805 0.19737063 0.21036991
0.1969814 0.20296733 0.19287552 0.2029262 0.20424952
0.19806509 0.20292303 0.19473721 0.1960922 0.20818248

0.19675605 0.19495791 0.20056021 0.20205964 0.20566607
0.19679318 0.1986755 0.1994247 0.20241316 0.20269339
0.19716229 0.19616273 0.20031543 0.20186648 0.20449308
0.20066866 0.20190904 0.19960909 0.19964004 0.19817321
0.19492593 0.18895419 0.20183235 0.2027893 0.21149819

0.20163362 0.20237015 0.19810623 0.19791633 0.19997372
0.20030792 0.20076124 0.20105022 0.19627218 0.20160848
0.20003885 0.20117936 0.20473622 0.1884718 0.20557372
0.19902526 0.19765106 0.19642028 0.21207106 0.19483237
0.2001625 0.2011819 0.20387648 0.19005752 0.20472167

0.2044664 0.20019126 0.200383 0.20035373 0.19460553
0.18089701 0.21946548 0.21287647 0.19163136 0.1951296
0.19840978 0.20023952 0.20008692 0.1997602 0.20150353
0.18336119 0.22462802 0.21667296 0.1902163 0.18512155
0.2244519 0.17302555 0.18070328 0.21061914 0.21120016

0.19839013 0.19974665 0.19955817 0.20008644 0.20221864
0.19757701 0.20713004 0.20206521 0.20300114 0.19022653
0.20078325 0.1999455 0.20014693 0.1998868 0.19923754
0.20454128 0.20204239 0.20170535 0.2002373 0.1914737
0.19901691 0.19886357 0.1993626 0.19966292 0.20309393

0.208827 0.19174938 0.20074701 0.20508839 0.19358833
0.19562627 0.20265393 0.19780573 0.1987209 0.20519309
0.20075603 0.19955263 0.20038722 0.2002047 0.19909947
0.20251946 0.19625705 0.19865406 0.2026785 0.19989084
0.18504706 0.21494034 0.19849633 0.1907398 0.21077652

0.1991246 0.19972101 0.19788955 0.19883668 0.20442818
0.20031972 0.1996159 0.19972509 0.19922902 0.20111032
0.19958359 0.20023552 0.1997804 0.20034906 0.20005146
0.20101911 0.1996857 0.20111592 0.19980106 0.19837819
0.19936241 0.19980277 0.19846667 0.19916172 0.20320643

0.18940681 0.20459609 0.19889034 0.19811536 0.20899135
0.1967569 0.20161203 0.19832087 0.20024495 0.2030653
0.19863465 0.20036742 0.20130756 0.19894068 0.20074968
0.19831257 0.20072453 0.19987203 0.19969879 0.20139207
0.20322253 0.19886534 0.19861953 0.20149884 0.19779374

0.20001796 0.21523242 0.19592147 0.19755729 0.19127086
0.19776633 0.2074509 0.19787844 0.19978741 0.19711696
0.20192476 0.20615062 0.19845639 0.19824567 0.19522257
0.19866346 0.20969857 0.19733062 0.19904798 0.19525933
0.20030123 0.20651083 0.19827402 0.19886987 0.19604409

0.19640289 0.20992257 0.20311964 0.1951932 0.19536167
0.2046157 0.19060628 0.1974048 0.20403832 0.20333493
0.19872363 0.1984001 0.1985763 0.20174536 0.20255463
0.19287774 0.21046466 0.20160006 0.19668204 0.19837551
0.19136977 0.21533124 0.20314889 0.19424635 0.19590384

0.2008555 0.19898848 0.19946748 0.20058322 0.2001053
0.19911599 0.20093027 0.20038043 0.19991563 0.19965763
0.20226538 0.1959205 0.19663323 0.20754102 0.19763985
0.19952437 0.20013453 0.19968876 0.20153615 0.1991162
0.20024373 0.19901185 0.19886489 0.20318095 0.19869858

0.19027176 0.20200652 0.19908874 0.20223723 0.20639578
0.21200328 0.19739714 0.20089534 0.19719163 0.19251265
0.20730707 0.19835837 0.20057622 0.19830856 0.19544977
0.21567498 0.19644168 0.20112646 0.1963465 0.19041042
0.22902633 0.19332619 0.20177698 0.19316418 0.18270627

0.20075698 0.20100032 0.2024757 0.20056804 0.195199
0.2006141 0.1989849 0.19444177 0.19677538 0.20918386
0.18447568 0.19500653 0.21738587 0.2206936 0.18243824
0.1871993 0.19568005 0.21296212 0.21643195 0.18772648
0.20407058 0.20220613 0.19992495 0.19682875 0.19696952

0.19714682 0.20320314 0.20201862 0.19496837 0.20266306
0.20169763 0.19817613 0.19769363 0.20286794 0.19956462
0.19806658 0.20169473 0.20648037 0.1973716 0.19638674
0.19808519 0.20204833 0.20257698 0.1967975 0.20049194
0.20217113 0.19766979 0.19700141 0.20366545 0.19949217

0.19885643 0.20297386 0.20253505 0.20349151 0.19214316
0.20172018 0.19672376 0.19578288 0.19457416 0.21119905
0.19869371 0.19445421 0.20281571 0.2022744 0.2017619
0.20112795 0.18866126 0.19632745 0.19382821 0.22005521
0.19818 0.20922862 0.20365235 0.20595641 0.18298261

0.1979918 0.1977578 0.20197715 0.20289905 0.19937414
0.19006833 0.20547459 0.20215817 0.20259155 0.19970731
0.20748235 0.19987006 0.19655703 0.1952998 0.20079072
0.19774738 0.19835174 0.20181787 0.20263326 0.1994498
0.19592984 0.20050795 0.20167767 0.20227818 0.19960639

0.20015657 0.20228752 0.19466284 0.20569076 0.19720228
0.2000017 0.19998516 0.20003785 0.1999677 0.20000759
0.19934043 0.20206329 0.19430818 0.20401005 0.20027807
0.2000452 0.19903299 0.20239663 0.19782862 0.20069651
0.19934389 0.20049372 0.19806413 0.20027818 0.2018201

0.20160112 0.19942723 0.20254476 0.1996305 0.19679639
0.19729699 0.20059939 0.202515 0.20181693 0.19777174
0.1969059 0.20071232 0.20239736 0.20199774 0.19798674
0.2041755 0.19817731 0.21053863 0.19954674 0.18756178
0.19960916 0.20030864 0.19537461 0.19933122 0.20537642

0.19350496 0.19039848 0.20791504 0.20935588 0.19882567
0.19926594 0.19899905 0.20191096 0.2013866 0.19843747
0.2048102 0.20792831 0.20015235 0.19506347 0.19204569
0.19699116 0.19551916 0.20371036 0.20434079 0.19943854
0.19735868 0.19554067 0.1975645 0.20185658 0.20767955

0.20158227 0.20003568 0.20168391 0.20128562 0.19541252
0.19874701 0.19985004 0.19872844 0.19817984 0.20449468
0.20248176 0.20004328 0.20264247 0.20201157 0.19282098
0.2008672 0.19948901 0.20125017 0.19639786 0.20199578
0.20069347 0.20041762 0.20048043 0.20403728 0.1943711

0.20841241 0.19397028 0.20556179 0.19144712 0.20060836
0.19449084 0.20342632 0.19430907 0.20635262 0.20142107
0.19313253 0.20313495 0.18919016 0.20901676 0.20552556
0.19514523 0.203438 0.19646098 0.20515257 0.19980314
0.20191243 0.19950017 0.20478821 0.19698542 0.19681376

0.1929324 0.21029617 0.19689144 0.19792363 0.20195635
0.1939827 0.20146094 0.20155466 0.2018378 0.2011639
0.19417036 0.20506231 0.19939606 0.19997434 0.2013969
0.19521707 0.20388314 0.1996589 0.20011133 0.20112953
0.20592467 0.20033042 0.19744313 0.1973263 0.19897544

0.15782166 0.22073418 0.21921405 0.22874485 0.17348528
0.21873152 0.19096324 0.1914811 0.18837465 0.21044943
0.22347379 0.1891312 0.1901673 0.18251927 0.21470846
0.21002582 0.19496956 0.19511347 0.19479348 0.20509762
0.16921797 0.21546036 0.21464284 0.21878654 0.18189228

0.20162171 0.20697407 0.19638751 0.19791989 0.19709682
0.19663791 0.18567114 0.21586569 0.19954506 0.20228024
0.20193097 0.20729667 0.20165448 0.19465937 0.19445841
0.20193782 0.20847514 0.1952046 0.19771469 0.19666766
0.20077686 0.20234938 0.20393503 0.1963017 0.19663697

0.19000775 0.20439154 0.20141785 0.20497148 0.19921134
0.19137883 0.16617906 0.20949085 0.21186113 0.22109011
0.20123282 0.20601708 0.19828928 0.19793208 0.19652876
0.20679475 0.22775488 0.19162671 0.18955395 0.18426973
0.20217754 0.21390449 0.19617692 0.19555679 0.19218427

0.19650364 0.2012934 0.20174971 0.19925411 0.2011992
0.19950558 0.20003584 0.20008165 0.1997436 0.20063333
0.2122801 0.19501683 0.19345427 0.20190704 0.1973417
0.19763918 0.20019516 0.20041823 0.19880074 0.20294666
0.19774836 0.20266518 0.20318651 0.20143227 0.19496776

0.19972534 0.19958197 0.20168138 0.20046681 0.19854453
0.20097 0.20043609 0.19890793 0.19868071 0.20100522
0.2000663 0.19962887 0.2017983 0.20003735 0.19846918
0.20018174 0.2004658 0.19799471 0.19961475 0.20174296
0.1984509 0.19996868 0.19859478 0.20188941 0.20109625

0.20665768 0.19417122 0.19497342 0.2018522 0.20234549
0.18753502 0.20997521 0.20532179 0.20091943 0.19624856
0.19851005 0.2015229 0.20175159 0.19889522 0.19932024
0.20735931 0.19453289 0.19736551 0.19880986 0.20193242
0.20699467 0.19456552 0.19678043 0.19965878 0.20200062

0.20631656 0.19666073 0.20438294 0.19901086 0.19362886
0.19810972 0.20505956 0.1948888 0.19746366 0.20447832
0.20565051 0.18911123 0.21166192 0.20442374 0.18915254
0.20536521 0.191487 0.20925328 0.20298444 0.19091001
0.19908783 0.20179158 0.1981287 0.19923094 0.20176089

0.20253159 0.19767042 0.19534536 0.21032137 0.19413128
0.2022954 0.19879554 0.1994172 0.20170008 0.19779177
0.20597649 0.19567539 0.19393618 0.21398984 0.19042204
0.1904968 0.20607552 0.20893747 0.17962387 0.21486634
0.20919663 0.1934938 0.1915819 0.21961714 0.18611053

0.20013565 0.19983041 0.20027885 0.20089509 0.19885997
0.19803503 0.2022809 0.19849962 0.19472045 0.20646396
0.19962956 0.2003296 0.19737862 0.1923932 0.21026906
0.1966574 0.20384887 0.19781564 0.19217972 0.20949839
0.2013944 0.19813427 0.20227765 0.20772977 0.19046384

0.19867533 0.1992336 0.20038188 0.2011887 0.20052041
0.20014226 0.20017323 0.19981809 0.20010649 0.19975995
0.19985798 0.19989471 0.20007709 0.20006727 0.200103
0.20121154 0.20073372 0.19959325 0.19901107 0.19945039
0.2011694 0.20031554 0.20021029 0.19804639 0.20025834

0.19510563 0.20253162 0.1990186 0.20127636 0.2020678
0.19862181 0.20027976 0.20016125 0.2013919 0.19954528
0.19773448 0.20086743 0.19985405 0.20131318 0.20023085
0.20634806 0.19707832 0.20088646 0.19759877 0.19808844
0.20402694 0.19816309 0.20054826 0.1984209 0.19884081

0.20083855 0.20022483 0.19956137 0.20140651 0.1979687
0.19934154 0.20000122 0.20009138 0.19995295 0.20061298
0.20557973 0.1993339 0.2000814 0.1967082 0.1982968
0.19234899 0.20025966 0.2006369 0.20108464 0.20566987
0.1967041 0.20022364 0.20014511 0.20106436 0.20186283

0.20033908 0.20006631 0.20013086 0.19707443 0.20238924
0.20055184 0.20030414 0.20120578 0.19914563 0.1987926
0.20168951 0.20076665 0.20290035 0.19426069 0.20038283
0.20024027 0.19989705 0.1993876 0.19505619 0.20541896
0.19849525 0.19926427 0.19729653 0.20448914 0.20045479

0.18682131 0.20039254 0.19984074 0.21674688 0.19619852
0.1786551 0.2021728 0.197898 0.22846146 0.19281265
0.20218736 0.1993766 0.20043878 0.1971925 0.20080478
0.18776101 0.20088112 0.19941895 0.21566814 0.19627076
0.19549981 0.2003348 0.19986416 0.20560646 0.19869474

0.20317493 0.18947119 0.20342407 0.21611501 0.1878148
0.19937207 0.20594531 0.19831891 0.19660507 0.19975866
0.1988408 0.20402506 0.19862856 0.19473968 0.20376587
0.19896096 0.20587397 0.19820808 0.19496845 0.2019885
0.19844282 0.20134513 0.19915769 0.19357869 0.20747572

0.20688593 0.19973926 0.1889395 0.20941222 0.19502307
0.1973949 0.20027761 0.2036728 0.19624934 0.20240529
0.1887195 0.20050916 0.21702224 0.18440197 0.20934711
0.20916615 0.19948913 0.18554702 0.21268436 0.19311331
0.18748136 0.20007263 0.22001487 0.18313129 0.20929979

0.19992058 0.19876073 0.20076327 0.20096941 0.199586
0.19965325 0.20034166 0.20214166 0.20012313 0.19774027
0.20040949 0.19643907 0.198008 0.20207676 0.2030667
0.20015725 0.19833992 0.19931532 0.20100869 0.20117871
0.20042609 0.19520485 0.1981037 0.20294389 0.20332153

0.1946756 0.20667501 0.19778538 0.20361769 0.19724634
0.20261051 0.19550604 0.20295796 0.19807631 0.20084913
0.20172435 0.19781376 0.20078942 0.19882116 0.20085128
0.19905265 0.19821048 0.20396264 0.20031582 0.19845845
0.1953668 0.20543148 0.19860674 0.20311384 0.19748114

0.19480553 0.2081832 0.20060511 0.193194 0.2032121
0.19402374 0.19915073 0.19979882 0.2010352 0.20599152
0.1975775 0.20157245 0.20010425 0.19874847 0.20199734
0.20634046 0.19387873 0.19945583 0.2050695 0.19525546
0.2013911 0.20070109 0.20008343 0.19929771 0.1985267

0.19951601 0.19971198 0.20129114 0.19979784 0.19968301
0.20090184 0.2031312 0.1952796 0.19532265 0.20536476
0.1984654 0.20404343 0.1994933 0.18984105 0.20815681
0.19692259 0.19893643 0.20758383 0.19715573 0.19940135
0.20214029 0.19676095 0.19791278 0.20990404 0.19328193

0.20941636 0.20648196 0.19047695 0.1964714 0.19715331
0.19793838 0.20068607 0.20029269 0.20067935 0.20040353
0.19592758 0.19927804 0.20238037 0.20142187 0.20099212
0.19629934 0.19950636 0.20202132 0.20128614 0.20088686
0.2013378 0.20306374 0.19679518 0.19941173 0.19939147

0.2025687 0.19794795 0.19390483 0.19955525 0.20602319
0.2007313 0.19955572 0.19878146 0.20008881 0.20084266
0.20318873 0.19749391 0.19264083 0.1995197 0.20715687
0.19802988 0.2022209 0.20787092 0.20153414 0.19034413
0.19821931 0.20105176 0.20289534 0.19973694 0.19809662

0.19691744 0.20827982 0.21635124 0.1924305 0.18602102
0.19901781 0.20053947 0.20158619 0.19894928 0.19990717
0.19561218 0.19709997 0.19817209 0.19864327 0.21047254
0.1950516 0.20068125 0.20464157 0.19598192 0.20364366
0.204229 0.19608195 0.19071497 0.2055394 0.2034347

0.20075125 0.20009375 0.1991107 0.19769694 0.20234735
0.17978925 0.20351364 0.21558219 0.19866197 0.20245293
0.19163929 0.2013472 0.20646264 0.20100422 0.19954662
0.20901175 0.19822268 0.19367318 0.2013384 0.197754
0.18766415 0.20223369 0.2092495 0.19882956 0.2020231

