100
-0.09491959 -0.099970125 -0.19665903 -0.11601759
0.12589139 0.104737885 0.3196547 0.13307622
0.012102642 0.028618047 -0.062422533 -0.00026778603
-0.18700431 -0.26641455 -0.034069624 -0.20937082
-0.11283588 -0.17352222 -0.11414607 -0.201633

0.04872018 -0.096747465 -0.04131296 0.061233494
-0.016339611 0.12670231 0.021551773 0.019385975
-0.0058277906 0.089591436 -0.014856875 0.04949313
-0.0762054 -0.30471689 0.057885986 -0.28875288
-0.05591885 -0.10106988 0.0733815 -0.15676932

0.10438887 0.030011436 -0.08756479 -0.03196454
0.16516541 -0.06622546 0.07036383 0.1720214
-0.11527632 0.3668333 -0.20892061 -0.36624452
-0.14626363 -0.19595861 0.13173802 0.04641464
-0.25849494 -0.24614428 0.06971738 0.061896876

0.1267123 -0.17020684 -0.11946586 0.1609305
0.2303138 -0.16659892 0.1222643 -0.120489836
-0.20635976 0.037188288 -0.1655912 -0.103874795
-0.010163332 0.29461184 -0.21732152 -0.10422812
-0.21408665 -0.09026856 -0.015269995 -0.15412351

0.20132418 0.070155375 -0.0846595 0.3400579
-0.1566076 0.07611677 -0.25336343 0.15121341
-0.05537329 -0.21780282 0.03240813 0.029295458
-0.036766764 0.017590703 -0.055157397 -0.064447634
-0.07620249 -0.0880698 -0.027107174 0.010839362

-0.21022318 0.16589426 0.21818654 0.14675435
-0.18784885 0.30207047 -0.14779562 -0.03794423
-0.06254283 0.12448126 -0.1528266 -0.076682016
-0.07316313 -0.10008619 0.027321026 -0.04838959
0.20986663 -0.20786141 0.13543227 0.098013125

-0.085240304 0.08176449 0.027261533 -0.03939642
0.00024702828 0.084762596 0.2000781 -0.14954157
0.4837639 -0.2571544 -0.02071878 0.39169866
-0.12186055 0.12949154 -0.17609654 0.075089
0.17253189 0.046645533 0.30578142 0.12943059

-0.104324274 0.09441504 -0.06417202 -0.2527645
-0.15246367 0.2329672 -0.08645067 -0.022744773
0.13667819 0.072784506 0.07237476 -0.02254349
-0.2750769 0.037488885 0.0037686278 -0.04249341
-0.14118554 -0.053517066 0.17427924 -0.16296597

0.16470149 -0.08702123 0.04503017 0.048740305
-0.117025085 0.25205198 -0.17980395 -0.06278731
0.039161257 -0.048863914 -0.07355703 0.15921445
-0.03643375 0.09821288 -0.05448868 -0.06278861
0.031484094 -0.19903845 0.046238966 0.17044754

-0.1739828 -0.021538828 -0.111312255 -0.20703736
-0.2978682 -0.012253609 0.18774788 -0.17585617
0.20611241 0.023740208 0.11688871 0.24874908
-0.20589241 0.14280067 0.4373775 -0.16737962
-0.1781928 -0.0054653203 -0.0032181253 -0.20417063

-0.22935215 0.24680322 0.32732174 0.059620768
0.3190134 -0.16297287 -0.33637974 -0.07485931
-0.11253663 0.06838106 0.13061333 -0.010937497
0.16847095 0.016570395 -0.11044944 -0.04975811
0.27842942 -0.19419347 -0.24556422 0.12134877

-0.33343115 -0.27254128 -0.08581465 -0.055107437
0.092135355 0.18740006 0.021274475 0.0058118952
-0.14182346 0.12650414 -0.54605454 -0.56074274
-0.06674039 0.23720607 0.042377435 0.044960674
-0.41390103 -0.25299504 -0.20285097 -0.15836452

-0.15000127 0.16259788 0.13500068 0.1099087
-0.022394836 -0.02466827 0.14573534 0.121499084
0.21464482 0.004764319 0.16089237 0.13994862
0.07646191 -0.0059691896 0.09732154 0.096090294
-0.04912691 -0.042313725 -0.00040183417 -0.0017398447

-0.010996758 0.06858327 -0.11478267 0.06309977
0.07863398 -0.06563813 0.17632294 -0.18951043
-0.23500733 0.1188343 0.10398697 -0.34106997
-0.2610534 0.026069041 0.11697208 0.07182539
-0.36880064 0.1485923 -0.061057594 0.20616946

-0.11045285 -0.07786882 0.09899884 -0.16003242
-0.17891341 0.1964918 0.046118047 -0.15091294
0.09876713 -0.059329864 0.039032236 0.0569022
0.0675444 0.018443467 -0.0737314 0.14094546
0.06818283 0.077652276 0.111081935 -0.08848793

-0.062578246 0.23758107 0.14579435 -0.19744717
0.4270595 -0.17420736 -0.047373347 0.060002796
0.17817362 -0.1390525 0.1801065 -0.10187385
0.27618697 -0.109504186 -0.1279761 0.27218762
-0.021510856 -0.1052629 0.17081985 0.08088854

0.29355302 0.0427983 -0.26858643 -0.33722547
0.012287497 0.26145545 -0.12504634 -0.21266742
-0.26762035 -0.038224734 -0.19815251 -0.14660466
0.09679499 -0.23724489 0.07683262 0.16562285
0.20502406 0.35951748 -0.06871181 -0.15014125

0.22530548 -0.14100192 0.25361988 0.029054878
0.010449961 -0.1901221 0.13869117 -0.05937622
0.024380555 -0.28567287 0.17592049 -0.014712478
-0.060601614 -0.18689515 0.065740116 -0.15774675
0.012277147 0.14493892 -0.0965271 0.20795326

0.1845101 0.2914343 0.1037254 -0.17324503
0.19992748 -0.27025706 -0.25505242 0.17178795
0.018275943 0.16476329 0.1544327 -0.08882154
-0.16156897 0.25197452 0.42288116 0.17829622
-0.21515408 -0.079301275 0.23540008 0.006987073

-0.1286095 0.0058245584 0.19010878 0.3431077
-0.031840395 0.2792566 0.08168683 0.35870978
0.016791482 -0.07453253 0.05958072 0.15322399
-0.18149815 -0.18185899 0.18963261 0.27598923
0.33121204 -0.29707015 -0.076117575 -0.25581002

0.012375944 0.06638535 0.08477305 -0.15409257
0.15594533 0.09669161 -0.06217464 -0.13433985
0.07566763 0.06308454 -0.027790053 -0.11055186
0.16921923 0.06344182 -0.0686252 -0.15975939
0.14178048 0.04448893 -0.25933534 0.20836271

-0.1427185 0.024861798 0.0782336 0.05268943
-0.21693285 0.18897358 0.017000102 0.34320912
0.06899409 -0.060329117 -0.11510753 -0.082872994
-0.14273454 -0.028351923 0.05551862 0.022043152
-0.12437708 -0.12093411 -0.010153424 -0.116080455

-0.1324799 -0.09280453 0.18687135 0.08758047
0.13977301 -0.037609577 0.025178317 0.18178952
0.18561403 0.10038723 -0.15656537 -0.050416373
-0.05468971 0.027698163 -0.02233337 0.031053904
0.11607303 0.1281066 -0.03446193 -0.1628495

-0.118942514 -0.008798747 -0.14075683 0.00025087147
0.17903234 0.046218798 0.1998982 -0.10932688
-0.1257495 0.17384902 0.010563924 -0.048234742
0.10824575 0.11891 0.03795355 0.013071738
0.09645972 0.18268515 0.32568428 -0.21749073

0.0640311 -0.010813931 -0.17745759 0.24473992
0.02430762 0.008923938 0.12686722 -0.075599715
-0.14752568 0.21871142 -0.08658677 0.022087084
0.10741551 -0.09332833 -0.021000052 0.10615968
0.06547331 0.41199738 0.037119444 0.049496304

0.123684905 -0.23887286 0.16498499 0.35589385
0.2398852 -0.0042035766 0.1458517 -0.0040671923
0.015358967 0.0064377063 0.10557898 0.1266416
-0.009687644 -0.010265358 -0.031363055 -0.035067465
0.03007519 0.038662214 0.16167529 0.079221845

-0.1363125 -0.052656032 0.031156525 0.13180014
0.18015334 0.024628501 0.22507556 0.2848316
-0.044244274 0.042544164 0.015089634 -0.042227626
0.44439748 -0.3175327 -0.28115228 0.18719673
-2.5892943e-05 -0.17767112 -0.35301095 -0.20026484

0.040270504 0.1264489 0.039271105 -0.046584245
-0.021821199 0.19393788 0.22858053 -0.19107968
-0.042938575 0.024120418 -0.015535074 0.003929873
0.16399129 -0.1126718 0.025009701 0.1555906
-0.24072796 -0.14162718 0.038373437 -0.1333313

0.12278386 -0.49714002 -0.14721501 0.15858905
0.07864561 0.14385763 0.08130236 0.027712507
0.1876623 0.00475303 0.07281179 0.19290324
0.04747126 -0.12914418 0.0032614772 -0.0013103331
0.05631944 0.2470142 0.12539442 0.051123735

0.044881362 -0.10797083 0.10169058 -0.14573064
-0.19036582 -0.031738084 -0.050584204 -0.22227444
-0.069282435 0.1664887 -0.032154318 0.11913233
-0.17880397 0.050235808 -0.3062739 0.052667607
-0.010053907 -0.010473555 -0.1334629 0.022755932

-0.030693382 -0.10097755 0.10744006 -0.045060318
0.029743789 -0.0771572 -0.14141425 -0.13223284
0.1813286 -0.11589115 -0.26204765 -0.3453272
0.04362605 0.008678847 -0.0918585 -0.14496224
-0.07688955 0.029953163 0.14743377 0.21293989

0.22434315 -0.14902335 -0.22332266 0.25768873
0.5779999 0.09391798 -0.13696547 0.10021247
-0.5837173 -0.13056889 0.13531034 -0.045753438
-0.25549498 0.056893494 0.21522607 -0.15791908
-0.39083806 -0.20961726 -0.03944795 0.015610877

0.17728972 0.09705296 0.20487805 0.08898548
0.1455642 -0.37055853 0.0038139673 -0.27494615
-0.044479273 -0.3953441 -0.023382472 -0.25849196
0.28298888 -0.12610772 0.19370212 -0.08399808
-0.109170064 0.13521814 -0.013950408 0.014285839

-0.14887089 -0.15636754 -0.07987866 0.073985904
0.05651189 -0.14549144 -0.048024457 0.099891126
-0.24104555 0.05908873 -0.14972523 0.07725073
0.1311044 0.04611224 0.10959888 0.08304175
-0.27256268 0.12289419 -0.14606474 0.0027792319

0.053314246 -0.029338539 0.009675722 0.2160522
0.1239139 -0.12182284 0.08068237 -0.10802839
0.1686939 -0.030287046 -0.02538658 -0.066022426
-0.04819242 0.13193162 -0.13173524 -0.1920104
0.047493763 -0.18246806 0.15293902 0.3275688

0.2214848 -0.067934416 -0.00043022566 0.12275544
0.12687655 0.005162228 0.030543022 0.2544752
-0.13612306 0.044496983 0.17422785 0.27674857
-0.04979511 0.014896627 0.013054361 0.03886516
-0.048742134 -0.012634072 -0.12175696 -0.3492529

0.006547663 -0.001385611 -0.062311526 0.06482357
-0.2599788 0.057841 -0.07658783 -0.036394425
-0.18937883 0.043700267 -0.08530713 0.043197576
0.0006356333 -0.22203091 -0.011248536 0.04174429
-0.06847899 -0.22368796 -0.17017755 0.13974452

0.27627823 0.15452673 0.064518586 -0.10733803
-0.034556486 0.120984405 -0.020354452 0.0074543967
0.043049306 0.13331567 -0.056895472 0.008713199
-0.012543486 0.0075524217 0.38005748 0.082337245
0.06840489 -0.067443274 0.4383071 -0.08237741

-0.09513339 -0.145115 -0.060770743 0.20355955
-0.2647641 -0.20792778 -0.022464167 0.071520716
-0.08125015 -0.09041264 -0.014320348 0.13446033
0.130645 -0.12554961 0.085779406 0.1164259
-0.28446564 -0.08430873 0.043129794 -0.21463117

-0.079286896 -0.055066116 -0.17841746 0.08359498
0.010965313 0.06890998 0.0972111 -0.023787973
0.09651912 0.06477245 0.22765726 -0.101790935
-0.15772846 -0.13161843 -0.077028945 0.0012597732
-0.12978032 0.022643192 -0.1059424 0.08544715

0.0071847746 0.0016685942 -0.14913547 -0.42788717
0.16230336 0.03196543 -0.1861033 -0.20467281
0.123093806 -0.11537099 -0.17432293 0.07298722
-0.017851219 0.20911935 0.033098165 -0.07720456
0.08779545 -0.03842315 -0.167918 -0.049204834

0.031141283 -0.2316189 -0.113629244 -0.12510362
-0.09549657 -0.0701984 -0.03009542 0.1887387
-0.057477485 -0.21368325 -0.11822991 0.07879968
-0.0039443728 -0.01814001 0.12664199 0.003616555
0.09797761 -0.10253229 -0.32817477 -0.1501034

-0.011890371 0.026420347 -0.28094319 0.2577475
0.4277684 -0.21844122 0.06978918 -0.15593101
-0.024253659 -0.0092658065 0.023629962 0.005307269
0.09949478 -0.19805889 -0.085732184 0.030097455
0.36348486 -0.21233115 -0.11905158 0.072809435

0.009437319 -0.10105695 0.13001479 0.09992668
-0.18777278 -0.083616 -0.06598531 0.117118135
0.18169299 0.085800834 0.11183103 -0.10271068
0.020428512 0.04330116 0.1293352 0.083141804
-0.1822083 0.15546317 -0.0756007 -0.020237697

-0.048581425 0.25395426 -0.19668926 -0.078832574
0.2660818 -0.21142903 0.1026854 -0.034874473
0.18763854 -0.14862762 -0.05330035 0.051643435
0.057056524 0.12362696 -0.33800578 -0.015554558
-0.06826593 0.013754121 0.15359181 0.03698423

0.11648184 -0.014474358 0.043954477 -0.04301538
-0.04232154 0.17566481 0.03163324 -0.09391801
-0.21739958 -0.08618874 -0.21661182 -0.04742322
0.20974799 0.0972099 0.18903582 -0.021547915
-0.0016788549 -0.15436107 -0.03548661 0.039894037

0.11320177 0.1709893 -0.29838827 0.028651211
-0.41094208 -0.3680383 -0.027350979 0.18266748
0.047963645 -0.040118176 0.015524292 0.054899648
0.028934771 0.20541699 0.19093584 -0.13277978
0.11085597 0.42829856 -0.25971743 -0.11437011

0.14949866 -0.18492958 0.04334319 0.10629332
-0.03825234 0.1734908 0.19099063 -0.043396004
0.1552584 0.2621349 0.2570984 -0.09810251
-0.045472115 -0.2383888 -0.06256127 0.1264002
-0.05310041 0.024749711 0.125895 0.023789456

0.24445604 -0.07354536 -0.04773932 0.09957089
0.044708427 -0.13120992 -0.012100013 -0.14183526
0.13666604 -0.012494489 0.042002812 0.11142532
-0.02520113 0.051509496 -0.094521485 0.021252468
-0.16523841 0.025665637 -0.0055352496 -0.10937649

-0.1602551 -0.01729054 -0.12145437 -0.0038138079
0.1574897 -0.12437438 0.13363476 0.27215078
0.075250015 0.028800663 0.049680546 -0.045718905
0.113443114 0.04691319 0.09486024 0.067581475
-0.3294885 0.07749506 -0.23590818 -0.2209431

0.03988482 -0.21892421 0.09252854 -0.18875389
-0.011999395 -0.13959913 0.08657511 -0.026706718
0.056596998 0.078468315 0.11364414 0.014688878
-0.034647137 0.07839119 -0.18345854 -0.02767633
0.10178937 -0.2575488 0.2772342 -0.03869968

-0.1308412 -0.17032121 -0.28724357 -0.027097117
-0.21522544 0.14522995 0.014831146 -0.092533015
0.0958913 0.11790959 0.11064968 -0.04979289
-0.05749736 0.12672064 -0.022031985 -0.12491441
-0.15726644 0.06888332 -0.0075540915 -0.061822366

0.14844607 0.15506788 0.16045114 -0.04966772
-0.26832652 -0.071491286 -0.31723052 0.25801125
-0.05848497 -0.17248362 0.114583395 -0.02923954
0.13449273 -0.044504512 0.061959404 -0.046609532
0.10621285 0.093180455 -0.07236874 0.09694588

-0.15126844 0.066872194 0.19298366 0.15297341
-0.09845805 -0.003786449 0.15315121 0.16507818
-0.07410727 -0.0776654 0.12456828 0.21097444
-0.1401849 0.07080024 0.2087659 0.13988237
0.036146946 0.15207902 -0.090356976 -0.24509472

-0.033329006 0.03327031 0.30920574 -0.115756415
-0.03101625 0.3400713 -0.19235168 0.266332
0.14881395 -0.012771552 0.24404226 -0.2678638
0.2150104 0.06482266 0.11876018 -0.01066439
-0.50043917 -0.31298333 0.22195151 0.00036522362

-0.0020372795 -0.13169307 -0.22467722 -0.06352771
-0.049168102 -0.25810313 -0.08938923 -0.079325646
-0.01798809 0.053240012 -0.110868104 -0.093788475
0.12265055 -0.20444277 0.26754192 0.18081805
0.109007895 0.16489999 -0.21184082 -0.043867175

0.043287728 -0.06842562 0.003305751 -0.13015854
-0.1143985 0.015472059 -0.18464364 -0.06818784
-0.18537587 0.05733436 -0.3033843 0.05310083
0.25583452 0.037977252 0.27937555 0.018216977
-0.18895875 0.07640105 -0.36108986 -0.02796548

0.33680543 0.30687064 -0.10017649 -0.20116015
-0.23846793 0.04735282 0.055125434 -0.09716357
-0.10250794 0.33172533 -0.055758845 -0.012949942
0.08386209 0.31083962 0.15623249 -0.04518219
0.1507681 -0.042907372 -0.19538593 0.01757264

0.01874072 0.067681625 -0.13189691 0.08236834
0.028196683 -0.030223992 0.18553115 -0.18934955
-0.04315789 -0.10647086 0.16595756 -0.0988146
-0.06572653 -0.08576326 0.1692084 -0.032991022
-0.28723454 -0.27578518 0.1687263 0.11338072

-0.05429096 -0.17759301 -0.07767246 0.26904356
0.058922593 0.055636317 -0.0713808 -0.36757487
0.049158867 0.055547543 0.20052361 0.038345523
0.05187246 -0.08748157 -0.045927756 -0.056250427
0.06640763 0.16953744 -0.032229684 -0.1840355

0.05344808 -0.18997912 0.09409549 -0.17015143
-0.17479081 0.13994792 -0.105509475 0.07177282
0.20203845 -0.12673433 0.1976834 -0.12799917
-0.2078011 0.28163305 -0.1500279 0.14305158
0.050810702 0.19481635 0.3676363 0.08032628

0.17708975 -0.3334773 -0.07326179 -0.33965746
0.023093443 -0.2520901 0.1419203 -0.16782339
0.1455614 0.16431868 -0.13056824 -0.007937404
0.18374203 0.06849394 -0.021490408 -0.11377934
0.0015033551 0.0023488966 0.16936539 -0.018083228

0.15468147 0.1139912 -0.0726188 -0.15665342
-0.20890602 0.16460225 0.101374365 -0.24741055
0.118899405 0.14839156 -0.061350223 0.04964995
0.18017198 -0.06667522 -0.047737345 -0.19620796
0.1420697 -0.17699085 -0.14490677 0.027927108

0.29746774 0.1112493 -0.043428622 0.15865085
0.05653896 0.06529705 -0.24397998 -0.33152428
0.19684166 -0.014623194 -0.1620965 -0.19795354
-0.17324589 0.041403927 0.14790727 0.10731212
-0.27043992 0.12883112 0.21115136 0.202168

0.07066777 -0.053986866 -0.061583463 0.093488045
0.013312512 0.06217387 0.21051432 -0.07609286
0.19627757 -0.015543256 -0.29778004 0.18033065
-0.08662778 0.060601108 -0.15459539 -0.10447131
0.21641509 0.005713352 0.13147965 0.0156227555

0.2110793 -0.029492859 0.07814583 -0.21964322
-0.080037385 -0.0043316977 -0.023796394 0.20137344
0.03279458 -0.052792363 0.025636334 -0.026203122
0.022613917 -0.12141866 0.038694263 0.15977344
0.097534254 -0.2219171 0.09176053 0.035154134

-0.27680033 0.07155147 -0.14171119 0.29095727
0.090464 0.16470061 0.097851045 0.0044981996
-0.3292268 0.14739658 0.3422619 0.11333915
-0.27416885 0.10309494 0.36649096 0.01286456
0.10095411 -0.20747206 -0.21453665 -0.06908117

0.13282314 -0.058779065 0.045474693 0.0039266725
0.11707283 -0.026083225 -0.12232567 -0.030367846
0.0068345037 0.15722008 0.31992072 0.15352443
0.047361176 0.059263363 0.07215286 0.03244299
-0.24964985 -0.034714412 -0.06041295 -0.04609768

-0.3235891 -0.1323139 -0.091819696 0.1067357
0.14991331 0.1904659 0.09728934 -0.1087075
-0.39111447 -0.13046104 -0.17275622 0.26439825
0.38659784 0.2677264 0.062037803 -0.07153418
0.031608567 -0.052852474 -0.011250789 -0.12509924

0.12162693 0.18357098 -0.091174036 -0.042246904
-0.11950022 0.0512603 0.0017042281 -0.097178124
-0.059448536 -0.02280705 0.09807186 0.005284315
-0.0114435395 0.22741893 0.052873753 0.10219435
-0.013532422 0.1639799 0.0035875572 -0.007995456

0.19907202 -0.11834856 0.037573345 0.02300248
0.011913133 -0.035372667 -0.031262796 0.08363575
0.23266307 0.005778529 -0.26448902 -0.25405625
-0.0057005724 -0.09770429 0.03697615 -0.1899096
0.058731373 0.10982981 -0.26322836 -0.104431786

0.36487365 0.28173494 0.0056574745 -0.09603439
-0.2435104 -0.2659092 0.094085604 -0.096346155
0.40741828 0.108167596 -0.22943793 0.0941025
-0.045393348 -0.12789913 -0.09029648 0.066870086
-0.40076318 -0.23926693 0.0004064624 0.1304968

0.0072066 0.07627943 0.12681042 0.08885396
-0.2361384 -0.13890506 0.3115596 -0.29012573
0.17400792 -0.12616135 0.032375026 0.09902682
0.21347186 0.060145065 -0.041597936 0.06375113
-0.10602662 0.076930486 -0.058000248 -0.1755159

-0.13841826 -0.21993054 -0.12371459 -0.15140922
0.24132606 0.12221386 -0.10507228 0.1957581
-0.24244645 -0.3396403 -0.11440151 -0.26998517
0.18943392 -0.19683371 0.07301863 0.007228443
-0.33964625 -0.034534782 0.0857986 -0.26684508

-0.07050387 0.2675074 0.19125758 -0.27745143
0.25981036 0.04831344 -0.27046117 0.13836823
0.298763 0.041876674 -0.15881266 0.08434427
0.22357701 0.028509935 -0.3044869 0.1740726
-0.1441457 -0.0742785 0.048146725 0.0051793777

0.29602024 0.03149473 -0.12879825 0.11214679
0.03420515 0.00045023853 0.20718056 -0.0059329523
-0.19469246 0.08988029 0.02614558 -0.3036721
-0.1767404 0.076198325 -0.037859455 -0.2659054
0.0948635 -0.008782492 -0.36108345 0.102410324

-0.12479191 -0.01049687 0.035798978 0.050812714
-0.13912979 -0.065517075 0.25898173 0.14330913
0.2606788 0.21117736 -0.14795491 0.17256057
-0.06862227 -0.08790391 -0.0432907 -0.15815069
-0.30873284 -0.009289606 0.13730584 0.23467177

0.13787471 -0.1445991 -0.10160315 -0.039871044
0.054399185 -0.45584124 0.16482235 -0.0022215135
-0.21832812 0.09316642 -0.092045225 -0.24805588
0.066021055 0.04346212 -0.13059327 -0.18537243
-0.10103519 0.053240452 -0.06557009 -0.3657384

-0.050884034 -0.2830105 -0.021262635 -0.27140716
-0.028441194 -0.09903765 -0.057330005 -0.04740606
-0.038030513 0.19066107 0.0056542708 -0.19459675
-0.004701806 0.19241464 0.03776976 -0.00966968
-0.067507766 0.26325014 0.0070398557 -0.2674046

0.052386776 0.16736342 0.005580247 -0.20960501
0.18042131 -0.06476281 0.09159052 0.21991414
-0.024363765 -0.116197154 -0.023375606 0.0816533
0.17011365 0.05928163 0.10712024 0.09631904
-0.10010221 -0.1280026 -0.11623941 -0.03016898

0.17859383 -0.027924579 0.059869766 -0.09877421
-0.2712371 -0.034327302 -0.25721672 0.016021479
0.15741387 -0.12176882 0.10964971 -0.030111399
-0.17616096 0.048488334 -0.0125834625 0.13976946
0.07521186 0.16420603 0.12724201 -0.010356021

0.11468249 0.071903735 -0.51740795 -0.028740931
-0.24109246 -0.14149149 0.30066374 0.09812107
0.07523438 0.28595412 0.31910604 -0.023112128
0.13875484 0.18344747 -0.010532965 0.1779918
0.16225883 0.23030221 -0.12891611 0.063019685

0.21978225 0.016061572 -0.09189101 0.48300457
-0.023041356 -0.08246397 -0.08444799 -0.012927771
-0.09146643 0.17351665 0.07280211 0.2215492
-0.08576357 0.11119485 0.023750348 0.29102373
-0.21026322 0.032051194 -0.103175886 -0.06840668

0.21779607 0.04065165 -0.015871258 -0.36711746
-0.007089232 0.027303405 -0.051370014 0.10014597
0.19571632 0.09752497 -0.08882012 -0.26854587
-0.07470621 -0.22535022 0.13047457 0.3785242
0.07963323 0.10135978 -0.07866611 -0.11708605

-0.21333496 0.21538416 0.14073157 0.1807112
-0.020597965 -0.096129164 0.059372503 -0.12329102
0.12588258 -0.07325614 -0.273834 -0.221941
0.06342444 -0.16068915 -0.02744114 -0.26864737
-0.077935316 0.04958956 0.1926515 0.22177595

0.17867742 0.22133093 -0.25019464 -0.16176382
-0.033712126 0.07510997 0.20112239 -0.25423676
0.026958097 0.064154595 -0.020336151 -0.056784105
-0.10885327 -0.19762057 0.28720725 -0.03957359
-0.042593416 0.08001227 0.056777995 0.07185946

0.109948345 0.01207886 0.15987848 0.061561055
0.027756188 -0.0658313 0.09957876 -0.050031677
-0.09897128 0.05363788 -0.062152997 -0.050671887
0.048569486 0.028861763 0.18162954 -0.17042641
-0.07643254 0.14235692 0.07459004 -0.20687892

0.033120066 -0.04748528 -0.0058149747 0.1563652
0.006812352 0.1297315 -0.07779236 0.17583212
0.040259473 -0.11669663 -0.023399517 -0.21611205
-0.073784836 0.30486986 0.02774941 0.051327765
-0.08971102 0.038120765 -0.08840754 0.10389848

0.051533785 -0.0081880605 0.18384062 0.06904904
-0.024461027 -0.09381137 0.10331801 0.14014652
-0.14367113 -0.041371047 0.17694567 0.04095447
-0.04876845 0.09653624 0.025501447 -0.22879718
0.2862477 -0.22840492 0.19730905 0.3899608

-0.01306088 0.30439925 -0.12884419 0.12232013
-0.075061016 0.3191495 -0.038149778 0.3492825
-0.168178 0.03397563 0.14019611 0.012557872
-0.2639686 0.18152544 -0.008716745 -0.04609535
-0.12038659 0.124302976 0.10177308 0.1561746

-0.114185885 0.12275581 0.16263452 -0.13441628
-0.0861334 -0.008598958 0.17950971 -0.24033839
0.11725753 -0.027551167 -0.079110205 0.05238249
0.2311292 -0.028298324 -0.08053306 -0.05677418
-0.00069182593 -0.07433083 -0.15933812 0.22096103

0.0061083003 0.11179277 -0.05188687 -0.041520692
0.17719105 0.008471331 -0.081755124 0.17821527
0.30858263 -0.038142703 -0.12076239 0.22759824
-0.24118817 0.10793987 -0.07496991 -0.28105706
0.10399097 -0.16026163 -0.107630596 0.22696108

-0.1406147 0.08640407 -0.38256314 0.06551113
-0.24671602 0.24700363 -0.33992463 0.024830637
-0.06768156 -0.14666294 0.0069372314 0.18558706
-0.046815995 -0.09449384 -0.21145502 0.08575829
0.10614224 -0.10754165 -0.22635223 0.13598041

-0.03829054 0.075170055 -0.023680558 0.1458198
-0.011196857 0.041977514 0.10924463 -0.050843135
0.21072781 -0.07366219 -0.1619041 -0.094787024
0.07074116 -0.018503621 0.10651269 0.011069994
-0.121284574 0.06347541 0.08010765 0.1453588

-0.053152997 0.04861758 -0.39336097 0.17409912
0.009344177 -0.047977936 -0.085220456 0.14221291
0.2717996 -0.16660616 0.17500101 0.22416829
-0.06290483 0.04707403 0.2117682 -0.25154236
-0.043510586 -0.0041585257 0.1288226 -0.022918344

0.013794702 0.020155707 0.05775461 -0.027482115
0.20122293 0.0787579 0.18482725 -0.33829996
-0.1086364 0.32578102 0.06172121 -0.32598242
-0.1753274 -0.056121837 0.09426642 0.3202277
-0.027463961 0.2314281 -0.33244765 -0.31931776

0.40898654 0.05132793 0.0026178826 0.10727941
0.11655917 -0.16883773 -0.053885803 0.13561188
-0.29225093 -0.1256937 -0.32400602 -0.00022220676
-0.15403737 -0.13818905 -0.20713039 0.05371322
-0.02026671 -0.08890912 -0.26497447 0.09150094

0.20362131 -0.17021842 -0.16113353 0.15152821
0.16967458 -0.0989094 -0.038568217 0.035843886
0.4196139 -0.34920016 -0.07178347 0.08447465
0.16455936 0.0927267 -0.0014738211 -0.026680596
-0.29874855 0.22584932 -0.045477387 0.028237188

-0.0982011 0.012352341 0.0012333393 -0.26761708
-0.10904027 -0.18443374 0.051759377 0.097971424
-0.17540026 -0.21364625 0.28777283 0.15364468
-0.049156055 0.06690837 0.23232186 -0.09457704
-0.01860203 0.07038599 -0.09806478 -0.14862002

0.27913603 0.38678843 -0.281283 0.15333587
-0.09134411 -0.049716666 -0.17494234 0.11785977
-0.25251725 -0.39015228 0.024531085 -0.03791398
0.039045278 -0.083694264 0.12767263 -0.06175306
-0.08793976 0.055807795 -0.057416037 0.044784002

