100
-0.09491959 -0.099970125
0.12589139 0.104737885
0.012102642 0.028618047
-0.18700431 -0.26641455
-0.11283588 -0.17352222

0.04872018 -0.096747465
-0.016339611 0.12670231
-0.0058277906 0.089591436
-0.0762054 -0.30471689
-0.05591885 -0.10106988

0.10438887 0.030011436
0.16516541 -0.06622546
-0.11527632 0.3668333
-0.14626363 -0.19595861
-0.25849494 -0.24614428

0.1267123 -0.17020684
0.2303138 -0.16659892
-0.20635976 0.037188288
-0.010163332 0.29461184
-0.21408665 -0.09026856

0.20132418 0.070155375
-0.1566076 0.07611677
-0.05537329 -0.21780282
-0.036766764 0.017590703
-0.07620249 -0.0880698

-0.21022318 0.16589426
-0.18784885 0.30207047
-0.06254283 0.12448126
-0.07316313 -0.10008619
0.20986663 -0.20786141

-0.085240304 0.08176449
0.00024702828 0.084762596
0.4837639 -0.2571544
-0.12186055 0.12949154
0.17253189 0.046645533

-0.104324274 0.09441504
-0.15246367 0.2329672
0.13667819 0.072784506
-0.2750769 0.037488885
-0.14118554 -0.053517066

0.16470149 -0.08702123
-0.117025085 0.25205198
0.039161257 -0.048863914
-0.03643375 0.09821288
0.031484094 -0.19903845

-0.1739828 -0.021538828
-0.2978682 -0.012253609
0.20611241 0.023740208
-0.20589241 0.14280067
-0.1781928 -0.0054653203

-0.22935215 0.24680322
0.3190134 -0.16297287
-0.11253663 0.06838106
0.16847095 0.016570395
0.27842942 -0.19419347

-0.33343115 -0.27254128
0.092135355 0.18740006
-0.14182346 0.12650414
-0.06674039 0.23720607
-0.41390103 -0.25299504

-0.15000127 0.16259788
-0.022394836 -0.02466827
0.21464482 0.004764319
0.07646191 -0.0059691896
-0.04912691 -0.042313725

-0.010996758 0.06858327
0.07863398 -0.06563813
-0.23500733 0.1188343
-0.2610534 0.026069041
-0.36880064 0.1485923

-0.11045285 -0.07786882
-0.17891341 0.1964918
0.09876713 -0.059329864
0.0675444 0.018443467
0.06818283 0.077652276

-0.062578246 0.23758107
0.4270595 -0.17420736
0.17817362 -0.1390525
0.27618697 -0.109504186
-0.021510856 -0.1052629

0.29355302 0.0427983
0.012287497 0.26145545
-0.26762035 -0.038224734
0.09679499 -0.23724489
0.20502406 0.35951748

0.22530548 -0.14100192
0.010449961 -0.1901221
0.024380555 -0.28567287
-0.060601614 -0.18689515
0.012277147 0.14493892

0.1845101 0.2914343
0.19992748 -0.27025706
0.018275943 0.16476329
-0.16156897 0.25197452
-0.21515408 -0.079301275

-0.1286095 0.0058245584
-0.031840395 0.2792566
0.016791482 -0.07453253
-0.18149815 -0.18185899
0.33121204 -0.29707015

0.012375944 0.06638535
0.15594533 0.09669161
0.07566763 0.06308454
0.16921923 0.06344182
0.14178048 0.04448893

-0.1427185 0.024861798
-0.21693285 0.18897358
0.06899409 -0.060329117
-0.14273454 -0.028351923
-0.12437708 -0.12093411

-0.1324799 -0.09280453
0.13977301 -0.037609577
0.18561403 0.10038723
-0.05468971 0.027698163
0.11607303 0.1281066

-0.118942514 -0.008798747
0.17903234 0.046218798
-0.1257495 0.17384902
0.10824575 0.11891
0.09645972 0.18268515

0.0640311 -0.010813931
0.02430762 0.008923938
-0.14752568 0.21871142
0.10741551 -0.09332833
0.06547331 0.41199738

0.123684905 -0.23887286
0.2398852 -0.0042035766
0.015358967 0.0064377063
-0.009687644 -0.010265358
0.03007519 0.038662214

-0.1363125 -0.052656032
0.18015334 0.024628501
-0.044244274 0.042544164
0.44439748 -0.3175327
-2.5892943e-05 -0.17767112

0.040270504 0.1264489
-0.021821199 0.19393788
-0.042938575 0.024120418
0.16399129 -0.1126718
-0.24072796 -0.14162718

0.12278386 -0.49714002
0.07864561 0.14385763
0.1876623 0.00475303
0.04747126 -0.12914418
0.05631944 0.2470142

0.044881362 -0.10797083
-0.19036582 -0.031738084
-0.069282435 0.1664887
-0.17880397 0.050235808
-0.010053907 -0.010473555

-0.030693382 -0.10097755
0.029743789 -0.0771572
0.1813286 -0.11589115
0.04362605 0.008678847
-0.07688955 0.029953163

0.22434315 -0.14902335
0.5779999 0.09391798
-0.5837173 -0.13056889
-0.25549498 0.056893494
-0.39083806 -0.20961726

0.17728972 0.09705296
0.1455642 -0.37055853
-0.044479273 -0.3953441
0.28298888 -0.12610772
-0.109170064 0.13521814

-0.14887089 -0.15636754
0.05651189 -0.14549144
-0.24104555 0.05908873
0.1311044 0.04611224
-0.27256268 0.12289419

0.053314246 -0.029338539
0.1239139 -0.12182284
0.1686939 -0.030287046
-0.04819242 0.13193162
0.047493763 -0.18246806

0.2214848 -0.067934416
0.12687655 0.005162228
-0.13612306 0.044496983
-0.04979511 0.014896627
-0.048742134 -0.012634072

0.006547663 -0.001385611
-0.2599788 0.057841
-0.18937883 0.043700267
0.0006356333 -0.22203091
-0.06847899 -0.22368796

0.27627823 0.15452673
-0.034556486 0.120984405
0.043049306 0.13331567
-0.012543486 0.0075524217
0.06840489 -0.067443274

-0.09513339 -0.145115
-0.2647641 -0.20792778
-0.08125015 -0.09041264
0.130645 -0.12554961
-0.28446564 -0.08430873

-0.079286896 -0.055066116
0.010965313 0.06890998
0.09651912 0.06477245
-0.15772846 -0.13161843
-0.12978032 0.022643192

0.0071847746 0.0016685942
0.16230336 0.03196543
0.123093806 -0.11537099
-0.017851219 0.20911935
0.08779545 -0.03842315

0.031141283 -0.2316189
-0.09549657 -0.0701984
-0.057477485 -0.21368325
-0.0039443728 -0.01814001
0.09797761 -0.10253229

-0.011890371 0.026420347
0.4277684 -0.21844122
-0.024253659 -0.0092658065
0.09949478 -0.19805889
0.36348486 -0.21233115

0.009437319 -0.10105695
-0.18777278 -0.083616
0.18169299 0.085800834
0.020428512 0.04330116
-0.1822083 0.15546317

-0.048581425 0.25395426
0.2660818 -0.21142903
0.18763854 -0.14862762
0.057056524 0.12362696
-0.06826593 0.013754121

0.11648184 -0.014474358
-0.04232154 0.17566481
-0.21739958 -0.08618874
0.20974799 0.0972099
-0.0016788549 -0.15436107

0.11320177 0.1709893
-0.41094208 -0.3680383
0.047963645 -0.040118176
0.028934771 0.20541699
0.11085597 0.42829856

0.14949866 -0.18492958
-0.03825234 0.1734908
0.1552584 0.2621349
-0.045472115 -0.2383888
-0.05310041 0.024749711

0.24445604 -0.07354536
0.044708427 -0.13120992
0.13666604 -0.012494489
-0.02520113 0.051509496
-0.16523841 0.025665637

-0.1602551 -0.01729054
0.1574897 -0.12437438
0.075250015 0.028800663
0.113443114 0.04691319
-0.3294885 0.07749506

0.03988482 -0.21892421
-0.011999395 -0.13959913
0.056596998 0.078468315
-0.034647137 0.07839119
0.10178937 -0.2575488

-0.1308412 -0.17032121
-0.21522544 0.14522995
0.0958913 0.11790959
-0.05749736 0.12672064
-0.15726644 0.06888332

0.14844607 0.15506788
-0.26832652 -0.071491286
-0.05848497 -0.17248362
0.13449273 -0.044504512
0.10621285 0.093180455

-0.15126844 0.066872194
-0.09845805 -0.003786449
-0.07410727 -0.0776654
-0.1401849 0.07080024
0.036146946 0.15207902

-0.033329006 0.03327031
-0.03101625 0.3400713
0.14881395 -0.012771552
0.2150104 0.06482266
-0.50043917 -0.31298333

-0.0020372795 -0.13169307
-0.049168102 -0.25810313
-0.01798809 0.053240012
0.12265055 -0.20444277
0.109007895 0.16489999

0.043287728 -0.06842562
-0.1143985 0.015472059
-0.18537587 0.05733436
0.25583452 0.037977252
-0.18895875 0.07640105

0.33680543 0.30687064
-0.23846793 0.04735282
-0.10250794 0.33172533
0.08386209 0.31083962
0.1507681 -0.042907372

0.01874072 0.067681625
0.028196683 -0.030223992
-0.04315789 -0.10647086
-0.06572653 -0.08576326
-0.28723454 -0.27578518

-0.05429096 -0.17759301
0.058922593 0.055636317
0.049158867 0.055547543
0.05187246 -0.08748157
0.06640763 0.16953744

0.05344808 -0.18997912
-0.17479081 0.13994792
0.20203845 -0.12673433
-0.2078011 0.28163305
0.050810702 0.19481635

0.17708975 -0.3334773
0.023093443 -0.2520901
0.1455614 0.16431868
0.18374203 0.06849394
0.0015033551 0.0023488966

0.15468147 0.1139912
-0.20890602 0.16460225
0.118899405 0.14839156
0.18017198 -0.06667522
0.1420697 -0.17699085

0.29746774 0.1112493
0.05653896 0.06529705
0.19684166 -0.014623194
-0.17324589 0.041403927
-0.27043992 0.12883112

0.07066777 -0.053986866
0.013312512 0.06217387
0.19627757 -0.015543256
-0.08662778 0.060601108
0.21641509 0.005713352

0.2110793 -0.029492859
-0.080037385 -0.0043316977
0.03279458 -0.052792363
0.022613917 -0.12141866
0.097534254 -0.2219171

-0.27680033 0.07155147
0.090464 0.16470061
-0.3292268 0.14739658
-0.27416885 0.10309494
0.10095411 -0.20747206

0.13282314 -0.058779065
0.11707283 -0.026083225
0.0068345037 0.15722008
0.047361176 0.059263363
-0.24964985 -0.034714412

-0.3235891 -0.1323139
0.14991331 0.1904659
-0.39111447 -0.13046104
0.38659784 0.2677264
0.031608567 -0.052852474

0.12162693 0.18357098
-0.11950022 0.0512603
-0.059448536 -0.02280705
-0.0114435395 0.22741893
-0.013532422 0.1639799

0.19907202 -0.11834856
0.011913133 -0.035372667
0.23266307 0.005778529
-0.0057005724 -0.09770429
0.058731373 0.10982981

0.36487365 0.28173494
-0.2435104 -0.2659092
0.40741828 0.108167596
-0.045393348 -0.12789913
-0.40076318 -0.23926693

0.0072066 0.07627943
-0.2361384 -0.13890506
0.17400792 -0.12616135
0.21347186 0.060145065
-0.10602662 0.076930486

-0.13841826 -0.21993054
0.24132606 0.12221386
-0.24244645 -0.3396403
0.18943392 -0.19683371
-0.33964625 -0.034534782

-0.07050387 0.2675074
0.25981036 0.04831344
0.298763 0.041876674
0.22357701 0.028509935
-0.1441457 -0.0742785

0.29602024 0.03149473
0.03420515 0.00045023853
-0.19469246 0.08988029
-0.1767404 0.076198325
0.0948635 -0.008782492

-0.12479191 -0.01049687
-0.13912979 -0.065517075
0.2606788 0.21117736
-0.06862227 -0.08790391
-0.30873284 -0.009289606

0.13787471 -0.1445991
0.054399185 -0.45584124
-0.21832812 0.09316642
0.066021055 0.04346212
-0.10103519 0.053240452

-0.050884034 -0.2830105
-0.028441194 -0.09903765
-0.038030513 0.19066107
-0.004701806 0.19241464
-0.067507766 0.26325014

0.052386776 0.16736342
0.18042131 -0.06476281
-0.024363765 -0.116197154
0.17011365 0.05928163
-0.10010221 -0.1280026

0.17859383 -0.027924579
-0.2712371 -0.034327302
0.15741387 -0.12176882
-0.17616096 0.048488334
0.07521186 0.16420603

0.11468249 0.071903735
-0.24109246 -0.14149149
0.07523438 0.28595412
0.13875484 0.18344747
0.16225883 0.23030221

0.21978225 0.016061572
-0.023041356 -0.08246397
-0.09146643 0.17351665
-0.08576357 0.11119485
-0.21026322 0.032051194

0.21779607 0.04065165
-0.007089232 0.027303405
0.19571632 0.09752497
-0.07470621 -0.22535022
0.07963323 0.10135978

-0.21333496 0.21538416
-0.020597965 -0.096129164
0.12588258 -0.07325614
0.06342444 -0.16068915
-0.077935316 0.04958956

0.17867742 0.22133093
-0.033712126 0.07510997
0.026958097 0.064154595
-0.10885327 -0.19762057
-0.042593416 0.08001227

0.109948345 0.01207886
0.027756188 -0.0658313
-0.09897128 0.05363788
0.048569486 0.028861763
-0.07643254 0.14235692

0.033120066 -0.04748528
0.006812352 0.1297315
0.040259473 -0.11669663
-0.073784836 0.30486986
-0.08971102 0.038120765

0.051533785 -0.0081880605
-0.024461027 -0.09381137
-0.14367113 -0.041371047
-0.04876845 0.09653624
0.2862477 -0.22840492

-0.01306088 0.30439925
-0.075061016 0.3191495
-0.168178 0.03397563
-0.2639686 0.18152544
-0.12038659 0.124302976

-0.114185885 0.12275581
-0.0861334 -0.008598958
0.11725753 -0.027551167
0.2311292 -0.028298324
-0.00069182593 -0.07433083

0.0061083003 0.11179277
0.17719105 0.008471331
0.30858263 -0.038142703
-0.24118817 0.10793987
0.10399097 -0.16026163

-0.1406147 0.08640407
-0.24671602 0.24700363
-0.06768156 -0.14666294
-0.046815995 -0.09449384
0.10614224 -0.10754165

-0.03829054 0.075170055
-0.011196857 0.041977514
0.21072781 -0.07366219
0.07074116 -0.018503621
-0.121284574 0.06347541

-0.053152997 0.04861758
0.009344177 -0.047977936
0.2717996 -0.16660616
-0.06290483 0.04707403
-0.043510586 -0.0041585257

0.013794702 0.020155707
0.20122293 0.0787579
-0.1086364 0.32578102
-0.1753274 -0.056121837
-0.027463961 0.2314281

0.40898654 0.05132793
0.11655917 -0.16883773
-0.29225093 -0.1256937
-0.15403737 -0.13818905
-0.02026671 -0.08890912

0.20362131 -0.17021842
0.16967458 -0.0989094
0.4196139 -0.34920016
0.16455936 0.0927267
-0.29874855 0.22584932

-0.0982011 0.012352341
-0.10904027 -0.18443374
-0.17540026 -0.21364625
-0.049156055 0.06690837
-0.01860203 0.07038599

0.27913603 0.38678843
-0.09134411 -0.049716666
-0.25251725 -0.39015228
0.039045278 -0.083694264
-0.08793976 0.055807795

