100
-0.19665903 -0.11601759
0.3196547 0.13307622
-0.062422533 -0.00026778603
-0.034069624 -0.20937082
-0.11414607 -0.201633

-0.04131296 0.061233494
0.021551773 0.019385975
-0.014856875 0.04949313
0.057885986 -0.28875288
0.0733815 -0.15676932

-0.08756479 -0.03196454
0.07036383 0.1720214
-0.20892061 -0.36624452
0.13173802 0.04641464
0.06971738 0.061896876

-0.11946586 0.1609305
0.1222643 -0.120489836
-0.1655912 -0.103874795
-0.21732152 -0.10422812
-0.015269995 -0.15412351

-0.0846595 0.3400579
-0.25336343 0.15121341
0.03240813 0.029295458
-0.055157397 -0.064447634
-0.027107174 0.010839362

0.21818654 0.14675435
-0.14779562 -0.03794423
-0.1528266 -0.076682016
0.027321026 -0.04838959
0.13543227 0.098013125

0.027261533 -0.03939642
0.2000781 -0.14954157
-0.02071878 0.39169866
-0.17609654 0.075089
0.30578142 0.12943059

-0.06417202 -0.2527645
-0.08645067 -0.022744773
0.07237476 -0.02254349
0.0037686278 -0.04249341
0.17427924 -0.16296597

0.04503017 0.048740305
-0.17980395 -0.06278731
-0.07355703 0.15921445
-0.05448868 -0.06278861
0.046238966 0.17044754

-0.111312255 -0.20703736
0.18774788 -0.17585617
0.11688871 0.24874908
0.4373775 -0.16737962
-0.0032181253 -0.20417063

0.32732174 0.059620768
-0.33637974 -0.07485931
0.13061333 -0.010937497
-0.11044944 -0.04975811
-0.24556422 0.12134877

-0.08581465 -0.055107437
0.021274475 0.0058118952
-0.54605454 -0.56074274
0.042377435 0.044960674
-0.20285097 -0.15836452

0.13500068 0.1099087
0.14573534 0.121499084
0.16089237 0.13994862
0.09732154 0.096090294
-0.00040183417 -0.0017398447

-0.11478267 0.06309977
0.17632294 -0.18951043
0.10398697 -0.34106997
0.11697208 0.07182539
-0.061057594 0.20616946

0.09899884 -0.16003242
0.046118047 -0.15091294
0.039032236 0.0569022
-0.0737314 0.14094546
0.111081935 -0.08848793

0.14579435 -0.19744717
-0.047373347 0.060002796
0.1801065 -0.10187385
-0.1279761 0.27218762
0.17081985 0.08088854

-0.26858643 -0.33722547
-0.12504634 -0.21266742
-0.19815251 -0.14660466
0.07683262 0.16562285
-0.06871181 -0.15014125

0.25361988 0.029054878
0.13869117 -0.05937622
0.17592049 -0.014712478
0.065740116 -0.15774675
-0.0965271 0.20795326

0.1037254 -0.17324503
-0.25505242 0.17178795
0.1544327 -0.08882154
0.42288116 0.17829622
0.23540008 0.006987073

0.19010878 0.3431077
0.08168683 0.35870978
0.05958072 0.15322399
0.18963261 0.27598923
-0.076117575 -0.25581002

0.08477305 -0.15409257
-0.06217464 -0.13433985
-0.027790053 -0.11055186
-0.0686252 -0.15975939
-0.25933534 0.20836271

0.0782336 0.05268943
0.017000102 0.34320912
-0.11510753 -0.082872994
0.05551862 0.022043152
-0.010153424 -0.116080455

0.18687135 0.08758047
0.025178317 0.18178952
-0.15656537 -0.050416373
-0.02233337 0.031053904
-0.03446193 -0.1628495

-0.14075683 0.00025087147
0.1998982 -0.10932688
0.010563924 -0.048234742
0.03795355 0.013071738
0.32568428 -0.21749073

-0.17745759 0.24473992
0.12686722 -0.075599715
-0.08658677 0.022087084
-0.021000052 0.10615968
0.037119444 0.049496304

0.16498499 0.35589385
0.1458517 -0.0040671923
0.10557898 0.1266416
-0.031363055 -0.035067465
0.16167529 0.079221845

0.031156525 0.13180014
0.22507556 0.2848316
0.015089634 -0.042227626
-0.28115228 0.18719673
-0.35301095 -0.20026484

0.039271105 -0.046584245
0.22858053 -0.19107968
-0.015535074 0.003929873
0.025009701 0.1555906
0.038373437 -0.1333313

-0.14721501 0.15858905
0.08130236 0.027712507
0.07281179 0.19290324
0.0032614772 -0.0013103331
0.12539442 0.051123735

0.10169058 -0.14573064
-0.050584204 -0.22227444
-0.032154318 0.11913233
-0.3062739 0.052667607
-0.1334629 0.022755932

0.10744006 -0.045060318
-0.14141425 -0.13223284
-0.26204765 -0.3453272
-0.0918585 -0.14496224
0.14743377 0.21293989

-0.22332266 0.25768873
-0.13696547 0.10021247
0.13531034 -0.045753438
0.21522607 -0.15791908
-0.03944795 0.015610877

0.20487805 0.08898548
0.0038139673 -0.27494615
-0.023382472 -0.25849196
0.19370212 -0.08399808
-0.013950408 0.014285839

-0.07987866 0.073985904
-0.048024457 0.099891126
-0.14972523 0.07725073
0.10959888 0.08304175
-0.14606474 0.0027792319

0.009675722 0.2160522
0.08068237 -0.10802839
-0.02538658 -0.066022426
-0.13173524 -0.1920104
0.15293902 0.3275688

-0.00043022566 0.12275544
0.030543022 0.2544752
0.17422785 0.27674857
0.013054361 0.03886516
-0.12175696 -0.3492529

-0.062311526 0.06482357
-0.07658783 -0.036394425
-0.08530713 0.043197576
-0.011248536 0.04174429
-0.17017755 0.13974452

0.064518586 -0.10733803
-0.020354452 0.0074543967
-0.056895472 0.008713199
0.38005748 0.082337245
0.4383071 -0.08237741

-0.060770743 0.20355955
-0.022464167 0.071520716
-0.014320348 0.13446033
0.085779406 0.1164259
0.043129794 -0.21463117

-0.17841746 0.08359498
0.0972111 -0.023787973
0.22765726 -0.101790935
-0.077028945 0.0012597732
-0.1059424 0.08544715

-0.14913547 -0.42788717
-0.1861033 -0.20467281
-0.17432293 0.07298722
0.033098165 -0.07720456
-0.167918 -0.049204834

-0.113629244 -0.12510362
-0.03009542 0.1887387
-0.11822991 0.07879968
0.12664199 0.003616555
-0.32817477 -0.1501034

-0.28094319 0.2577475
0.06978918 -0.15593101
0.023629962 0.005307269
-0.085732184 0.030097455
-0.11905158 0.072809435

0.13001479 0.09992668
-0.06598531 0.117118135
0.11183103 -0.10271068
0.1293352 0.083141804
-0.0756007 -0.020237697

-0.19668926 -0.078832574
0.1026854 -0.034874473
-0.05330035 0.051643435
-0.33800578 -0.015554558
0.15359181 0.03698423

0.043954477 -0.04301538
0.03163324 -0.09391801
-0.21661182 -0.04742322
0.18903582 -0.021547915
-0.03548661 0.039894037

-0.29838827 0.028651211
-0.027350979 0.18266748
0.015524292 0.054899648
0.19093584 -0.13277978
-0.25971743 -0.11437011

0.04334319 0.10629332
0.19099063 -0.043396004
0.2570984 -0.09810251
-0.06256127 0.1264002
0.125895 0.023789456

-0.04773932 0.09957089
-0.012100013 -0.14183526
0.042002812 0.11142532
-0.094521485 0.021252468
-0.0055352496 -0.10937649

-0.12145437 -0.0038138079
0.13363476 0.27215078
0.049680546 -0.045718905
0.09486024 0.067581475
-0.23590818 -0.2209431

0.09252854 -0.18875389
0.08657511 -0.026706718
0.11364414 0.014688878
-0.18345854 -0.02767633
0.2772342 -0.03869968

-0.28724357 -0.027097117
0.014831146 -0.092533015
0.11064968 -0.04979289
-0.022031985 -0.12491441
-0.0075540915 -0.061822366

0.16045114 -0.04966772
-0.31723052 0.25801125
0.114583395 -0.02923954
0.061959404 -0.046609532
-0.07236874 0.09694588

0.19298366 0.15297341
0.15315121 0.16507818
0.12456828 0.21097444
0.2087659 0.13988237
-0.090356976 -0.24509472

0.30920574 -0.115756415
-0.19235168 0.266332
0.24404226 -0.2678638
0.11876018 -0.01066439
0.22195151 0.00036522362

-0.22467722 -0.06352771
-0.08938923 -0.079325646
-0.110868104 -0.093788475
0.26754192 0.18081805
-0.21184082 -0.043867175

0.003305751 -0.13015854
-0.18464364 -0.06818784
-0.3033843 0.05310083
0.27937555 0.018216977
-0.36108986 -0.02796548

-0.10017649 -0.20116015
0.055125434 -0.09716357
-0.055758845 -0.012949942
0.15623249 -0.04518219
-0.19538593 0.01757264

-0.13189691 0.08236834
0.18553115 -0.18934955
0.16595756 -0.0988146
0.1692084 -0.032991022
0.1687263 0.11338072

-0.07767246 0.26904356
-0.0713808 -0.36757487
0.20052361 0.038345523
-0.045927756 -0.056250427
-0.032229684 -0.1840355

0.09409549 -0.17015143
-0.105509475 0.07177282
0.1976834 -0.12799917
-0.1500279 0.14305158
0.3676363 0.08032628

-0.07326179 -0.33965746
0.1419203 -0.16782339
-0.13056824 -0.007937404
-0.021490408 -0.11377934
0.16936539 -0.018083228

-0.0726188 -0.15665342
0.101374365 -0.24741055
-0.061350223 0.04964995
-0.047737345 -0.19620796
-0.14490677 0.027927108

-0.043428622 0.15865085
-0.24397998 -0.33152428
-0.1620965 -0.19795354
0.14790727 0.10731212
0.21115136 0.202168

-0.061583463 0.093488045
0.21051432 -0.07609286
-0.29778004 0.18033065
-0.15459539 -0.10447131
0.13147965 0.0156227555

0.07814583 -0.21964322
-0.023796394 0.20137344
0.025636334 -0.026203122
0.038694263 0.15977344
0.09176053 0.035154134

-0.14171119 0.29095727
0.097851045 0.0044981996
0.3422619 0.11333915
0.36649096 0.01286456
-0.21453665 -0.06908117

0.045474693 0.0039266725
-0.12232567 -0.030367846
0.31992072 0.15352443
0.07215286 0.03244299
-0.06041295 -0.04609768

-0.091819696 0.1067357
0.09728934 -0.1087075
-0.17275622 0.26439825
0.062037803 -0.07153418
-0.011250789 -0.12509924

-0.091174036 -0.042246904
0.0017042281 -0.097178124
0.09807186 0.005284315
0.052873753 0.10219435
0.0035875572 -0.007995456

0.037573345 0.02300248
-0.031262796 0.08363575
-0.26448902 -0.25405625
0.03697615 -0.1899096
-0.26322836 -0.104431786

0.0056574745 -0.09603439
0.094085604 -0.096346155
-0.22943793 0.0941025
-0.09029648 0.066870086
0.0004064624 0.1304968

0.12681042 0.08885396
0.3115596 -0.29012573
0.032375026 0.09902682
-0.041597936 0.06375113
-0.058000248 -0.1755159

-0.12371459 -0.15140922
-0.10507228 0.1957581
-0.11440151 -0.26998517
0.07301863 0.007228443
0.0857986 -0.26684508

0.19125758 -0.27745143
-0.27046117 0.13836823
-0.15881266 0.08434427
-0.3044869 0.1740726
0.048146725 0.0051793777

-0.12879825 0.11214679
0.20718056 -0.0059329523
0.02614558 -0.3036721
-0.037859455 -0.2659054
-0.36108345 0.102410324

0.035798978 0.050812714
0.25898173 0.14330913
-0.14795491 0.17256057
-0.0432907 -0.15815069
0.13730584 0.23467177

-0.10160315 -0.039871044
0.16482235 -0.0022215135
-0.092045225 -0.24805588
-0.13059327 -0.18537243
-0.06557009 -0.3657384

-0.021262635 -0.27140716
-0.057330005 -0.04740606
0.0056542708 -0.19459675
0.03776976 -0.00966968
0.0070398557 -0.2674046

0.005580247 -0.20960501
0.09159052 0.21991414
-0.023375606 0.0816533
0.10712024 0.09631904
-0.11623941 -0.03016898

0.059869766 -0.09877421
-0.25721672 0.016021479
0.10964971 -0.030111399
-0.0125834625 0.13976946
0.12724201 -0.010356021

-0.51740795 -0.028740931
0.30066374 0.09812107
0.31910604 -0.023112128
-0.010532965 0.1779918
-0.12891611 0.063019685

-0.09189101 0.48300457
-0.08444799 -0.012927771
0.07280211 0.2215492
0.023750348 0.29102373
-0.103175886 -0.06840668

-0.015871258 -0.36711746
-0.051370014 0.10014597
-0.08882012 -0.26854587
0.13047457 0.3785242
-0.07866611 -0.11708605

0.14073157 0.1807112
0.059372503 -0.12329102
-0.273834 -0.221941
-0.02744114 -0.26864737
0.1926515 0.22177595

-0.25019464 -0.16176382
0.20112239 -0.25423676
-0.020336151 -0.056784105
0.28720725 -0.03957359
0.056777995 0.07185946

0.15987848 0.061561055
0.09957876 -0.050031677
-0.062152997 -0.050671887
0.18162954 -0.17042641
0.07459004 -0.20687892

-0.0058149747 0.1563652
-0.07779236 0.17583212
-0.023399517 -0.21611205
0.02774941 0.051327765
-0.08840754 0.10389848

0.18384062 0.06904904
0.10331801 0.14014652
0.17694567 0.04095447
0.025501447 -0.22879718
0.19730905 0.3899608

-0.12884419 0.12232013
-0.038149778 0.3492825
0.14019611 0.012557872
-0.008716745 -0.04609535
0.10177308 0.1561746

0.16263452 -0.13441628
0.17950971 -0.24033839
-0.079110205 0.05238249
-0.08053306 -0.05677418
-0.15933812 0.22096103

-0.05188687 -0.041520692
-0.081755124 0.17821527
-0.12076239 0.22759824
-0.07496991 -0.28105706
-0.107630596 0.22696108

-0.38256314 0.06551113
-0.33992463 0.024830637
0.0069372314 0.18558706
-0.21145502 0.08575829
-0.22635223 0.13598041

-0.023680558 0.1458198
0.10924463 -0.050843135
-0.1619041 -0.094787024
0.10651269 0.011069994
0.08010765 0.1453588

-0.39336097 0.17409912
-0.085220456 0.14221291
0.17500101 0.22416829
0.2117682 -0.25154236
0.1288226 -0.022918344

0.05775461 -0.027482115
0.18482725 -0.33829996
0.06172121 -0.32598242
0.09426642 0.3202277
-0.33244765 -0.31931776

0.0026178826 0.10727941
-0.053885803 0.13561188
-0.32400602 -0.00022220676
-0.20713039 0.05371322
-0.26497447 0.09150094

-0.16113353 0.15152821
-0.038568217 0.035843886
-0.07178347 0.08447465
-0.0014738211 -0.026680596
-0.045477387 0.028237188

0.0012333393 -0.26761708
0.051759377 0.097971424
0.28777283 0.15364468
0.23232186 -0.09457704
-0.09806478 -0.14862002

-0.281283 0.15333587
-0.17494234 0.11785977
0.024531085 -0.03791398
0.12767263 -0.06175306
-0.057416037 0.044784002

