-0.187972 -0.159510 -0.172687 0.280632
-0.460618 -0.087267 -0.036683 0.451899
0.442971 -0.442544 -0.455387 0.151759
-0.366704 -0.076995 0.013498 0.488868

-0.112063 -0.109807 -0.060888 -0.137107
0.436564 -0.102316 -0.418861 0.151909
0.002707 0.132152 0.015216 -0.020041
0.397817 -0.481350 0.194950 0.108994

-0.470794 -0.164020 0.081092 0.378961
0.168683 -0.265997 -0.424369 0.464786
-0.216566 0.291928 0.044219 -0.258518
-0.410859 -0.042271 0.302324 -0.241534

0.355860 0.153662 0.200357 0.379347
-0.331654 -0.412718 -0.460041 0.387537
-0.126529 0.450306 -0.179025 -0.111034
0.493385 -0.116983 -0.333207 -0.034354

0.307295 -0.357519 0.084218 0.109037
-0.265730 0.034751 -0.162618 0.401080
0.009269 0.004047 -0.338381 -0.425180
0.487499 -0.152419 0.430645 0.483796

0.236974 -0.362515 -0.050792 0.393905
-0.421253 0.114586 0.386443 -0.370408
0.268462 0.155337 0.267358 -0.135271
-0.054459 0.058496 0.405781 -0.002516

0.449407 -0.279948 0.134481 0.432156
-0.321059 0.307968 0.079261 -0.128384
0.487884 0.457838 0.146322 0.027994
-0.326347 -0.366369 0.463325 0.336829

0.352671 -0.229102 -0.364765 0.219690
-0.324809 -0.211346 0.169995 0.196251
0.003817 0.187154 -0.366092 0.218653
0.357914 0.084923 0.205114 0.095508

0.206585 -0.333641 0.101101 0.452419
0.386291 0.133633 -0.005296 -0.244179
-0.264721 -0.039644 0.152703 -0.001264
-0.297785 0.125762 -0.158538 0.233557

-0.417116 0.249970 -0.228891 -0.244218
0.129083 -0.172371 -0.264938 -0.146775
0.306591 -0.171373 -0.497940 0.319912
-0.477500 0.354780 -0.116752 0.176491

-0.187010 0.360113 0.311406 -0.251602
0.136222 0.183790 -0.400275 0.411515
0.312183 -0.361611 -0.124353 0.471363
0.236395 -0.369722 0.487898 0.070789

-0.304411 -0.419063 -0.443294 0.269479
-0.379887 -0.111502 0.319916 -0.366106
0.347411 -0.224461 -0.377180 -0.309886
0.416820 -0.252638 -0.308602 -0.318542

-0.434724 -0.299816 -0.170479 0.338015
0.153123 -0.223552 -0.128281 -0.172902
0.079333 -0.343122 0.197978 -0.345767
0.109120 -0.286909 0.195792 -0.288162

-0.454083 0.498015 -0.493385 0.410141
-0.081324 -0.248559 0.255905 -0.054535
0.446413 -0.273390 -0.209054 -0.128682
-0.150475 0.399903 0.098400 -0.338157

0.172882 0.415654 -0.278897 0.160348
-0.393969 0.167675 0.193837 0.085570
0.256350 0.182186 0.237651 0.319214
0.028607 -0.304140 -0.403639 -0.095072

0.328347 -0.476373 0.423880 -0.492708
0.267206 0.033602 0.009154 0.471218
-0.389958 -0.383192 0.165890 0.197606
0.149189 0.242991 0.351337 -0.142723

-0.377065 -0.455190 0.305295 -0.124432
-0.431050 0.386759 0.061244 0.355355
0.495612 -0.256700 0.090081 0.210908
0.297630 -0.238784 -0.445384 0.319717

0.059821 -0.271694 -0.141817 -0.195019
-0.361608 -0.104137 -0.435622 0.448770
0.296506 -0.107677 0.107606 -0.393903
0.024224 -0.309237 -0.075687 0.385237

0.188994 0.402261 -0.082903 0.140649
-0.289503 -0.229182 -0.291920 0.381508
-0.498667 -0.212233 0.131247 0.182008
0.173084 0.012431 0.459344 0.125790

-0.054119 -0.211373 0.233547 -0.469352
-0.465349 0.324227 -0.317452 -0.089702
-0.004128 -0.233576 -0.105589 0.257181
-0.288671 -0.369488 -0.447117 0.298727

-0.142922 0.145987 -0.499416 0.173607
0.170229 -0.225309 -0.049236 -0.175389
-0.224239 -0.185441 0.488136 -0.213431
0.454020 0.271520 -0.034922 0.042107

-0.418252 0.211620 -0.358230 0.126814
0.081421 -0.141948 -0.430382 0.032816
-0.015512 0.050713 -0.031994 0.297274
0.341629 -0.258442 -0.438562 -0.153289

0.317539 -0.168549 -0.279096 -0.083052
-0.072925 0.058196 0.025524 -0.350205
0.029137 -0.138252 0.377748 0.200810
0.210714 -0.393575 -0.247946 0.363532

0.030849 0.441486 0.228428 -0.097530
-0.019813 -0.063209 0.399749 -0.147264
-0.316636 0.335117 0.438871 -0.333994
0.306196 -0.207456 -0.325587 0.075051

0.100687 0.158523 -0.361824 -0.384112
0.389965 -0.305886 -0.496048 0.049278
0.417802 0.113973 0.141996 0.239245
-0.322755 -0.185880 -0.261196 -0.463649

0.201845 -0.427704 -0.398634 -0.416354
-0.401273 0.146010 0.443501 0.186570
-0.223987 0.126717 -0.030381 -0.399599
0.097921 0.196809 -0.131920 -0.419486

-0.375899 0.323679 0.492813 0.167043
-0.176940 -0.420600 -0.255619 -0.170729
-0.439022 -0.213476 -0.151468 -0.423737
-0.334069 0.421252 0.335229 -0.315480

-0.251742 0.046061 -0.487423 0.229796
0.139300 0.129530 -0.272103 -0.103892
0.259716 0.406819 0.260918 -0.156880
-0.282241 -0.164075 -0.351460 0.321252

-0.289828 -0.084966 0.256644 -0.209472
0.434930 0.216022 0.382314 0.354149
0.265946 -0.044770 0.454487 -0.136914
-0.296696 0.074361 0.070355 -0.272153

-0.341839 0.215717 0.435934 0.281555
0.247956 -0.439327 -0.332647 -0.097585
-0.359966 -0.081083 0.474697 -0.296920
0.266821 0.002997 -0.016734 0.473607

0.264227 -0.025269 0.178756 0.007342
0.059808 0.266446 -0.148876 0.013882
-0.268197 0.192043 0.186484 -0.436816
-0.327805 0.061862 -0.392524 -0.136738

-0.131477 0.475676 -0.343284 -0.494934
-0.311691 -0.003528 0.263358 -0.226589
-0.122371 0.243106 0.370730 0.193320
0.394858 0.304854 -0.280163 -0.021810

-0.019569 0.290180 -0.390043 0.430080
-0.432962 -0.308488 -0.338890 0.054974
-0.447563 0.391092 -0.253364 0.469854
-0.252116 -0.332945 -0.120676 0.121765

-0.376530 0.443247 -0.368801 -0.018280
-0.367418 -0.230410 -0.094895 -0.071488
-0.289565 0.164509 -0.365601 0.056659
-0.005443 0.017262 -0.124517 0.389636

-0.471935 0.037666 0.169797 -0.343606
0.383353 0.157515 0.011022 0.184038
-0.090435 -0.166033 -0.323737 -0.242537
-0.290023 -0.015335 -0.353866 0.100067

0.486052 -0.078780 -0.080661 0.291688
-0.078460 0.060987 0.239584 -0.248227
-0.185173 0.202431 -0.342556 0.009524
0.152235 0.401396 -0.169096 -0.287105

-0.394238 0.475272 -0.497752 -0.242137
-0.259477 -0.233941 0.133866 -0.425427
-0.128965 0.029914 -0.205299 -0.270610
0.019573 0.054555 0.012501 0.285513

-0.354869 0.166562 0.405965 -0.035740
0.247287 0.069929 0.143921 -0.226754
-0.407759 -0.105506 -0.458543 -0.450595
0.263026 -0.187173 -0.132859 -0.097380

-0.471843 -0.150109 -0.108871 -0.185608
-0.342393 0.346687 -0.359362 0.066891
-0.094920 0.038684 -0.004448 0.169250
-0.065449 -0.263969 0.391577 -0.390698

-0.237237 -0.355015 -0.134524 -0.491168
0.238868 0.078450 -0.097378 -0.258426
0.312717 0.019145 -0.318409 -0.023416
-0.017298 0.099479 0.124692 -0.012050

0.404220 -0.229988 0.448507 -0.096459
-0.398136 0.114003 0.116484 0.417997
-0.448789 -0.149377 -0.238465 0.362841
0.493487 -0.182714 -0.450327 0.142327

-0.060010 0.063248 0.221762 -0.062483
0.391713 0.000758 0.415747 0.025923
0.337563 -0.429622 0.247300 -0.454544
-0.046787 -0.277488 -0.233103 0.318666

-0.458248 -0.466281 0.091541 -0.290043
-0.039014 0.212682 -0.169197 0.462574
-0.329951 0.318150 0.295870 -0.091387
0.312237 -0.167243 -0.363364 0.148544

0.261694 -0.434339 0.074794 0.134130
0.123286 0.221472 0.106996 0.092874
0.467692 0.014490 -0.347039 0.483880
0.145726 0.242070 -0.366527 0.181731

0.377833 0.150244 -0.421466 -0.385406
0.050003 -0.394094 0.198655 0.453876
-0.012364 0.432791 0.207270 -0.490904
-0.265321 -0.094341 0.101740 0.039623

-0.196262 -0.362286 -0.240863 0.280216
0.039285 0.128455 0.313079 0.363058
-0.456837 -0.444182 -0.000939 0.136689
-0.488964 -0.306495 -0.126849 -0.297490

-0.325528 0.088617 -0.454341 -0.416040
0.343523 0.320399 -0.443267 -0.471532
-0.175954 -0.408727 -0.496192 0.278647
-0.129814 -0.077789 0.397767 0.054773

-0.000008 -0.001823 0.190646 -0.386592
0.202315 0.457167 -0.287493 -0.199845
0.471307 0.330265 0.346383 -0.326372
0.043162 -0.187325 0.267679 0.053479

-0.400712 0.020327 0.113778 -0.417521
-0.050894 0.098226 -0.347678 -0.063592
-0.012344 -0.208379 -0.015698 0.222085
-0.425482 0.101225 -0.377413 -0.389865

-0.433504 -0.326271 0.373124 0.326723
-0.199544 -0.169210 -0.099957 -0.140624
-0.311139 -0.137648 0.280930 0.290020
0.055554 0.270193 0.379679 0.339540

-0.029349 -0.203481 0.119035 0.052221
-0.256466 0.495268 0.393502 -0.128546
0.276817 -0.416864 0.171670 0.321253
0.285743 0.053767 0.243800 0.015233

0.065907 -0.293082 0.428027 -0.420958
0.091722 0.380584 0.127912 -0.241813
-0.069696 0.367033 0.474032 -0.375312
0.009021 0.148716 0.268297 0.068752

-0.390692 0.178060 -0.121426 0.093319
-0.080097 0.055608 -0.349009 -0.083393
-0.466967 0.411552 0.343040 -0.137164
0.266311 -0.354925 -0.165192 -0.079555

0.353869 0.045791 0.088177 -0.011336
-0.322467 -0.325900 0.283605 -0.242324
-0.473953 0.042765 -0.197897 0.239091
-0.173932 0.349951 -0.478509 0.383410

-0.401908 0.424749 0.346276 0.372093
-0.346408 -0.013022 0.496188 -0.144735
0.292191 0.385084 -0.368163 -0.357571
0.117530 -0.385728 0.406240 0.000135

-0.160201 -0.059550 -0.190332 0.175102
0.095085 0.021458 -0.432406 -0.385072
0.146096 0.418660 -0.287750 0.377560
-0.102843 0.191244 -0.088229 0.176060

-0.211814 0.438820 -0.468759 0.245821
0.057559 0.386863 -0.247882 -0.285423
-0.467827 -0.142305 -0.232361 0.485360
-0.353344 -0.083311 0.083796 -0.254459

0.174337 0.216927 0.424368 -0.250633
0.494985 -0.154114 -0.439086 -0.463804
-0.325755 0.134992 -0.326132 -0.066115
-0.265937 -0.305885 -0.179389 -0.210309

0.303032 -0.062047 -0.389588 -0.152208
0.394487 -0.192626 -0.295963 -0.012873
-0.373822 0.388208 0.025380 -0.083812
0.184068 -0.259370 0.425045 0.378571

-0.196379 -0.051807 -0.134316 0.025111
-0.320476 0.247546 -0.120747 0.105978
-0.296239 0.143942 0.052123 -0.186786
0.455519 0.389241 0.205021 -0.473852

0.122185 0.310862 -0.455745 0.301809
0.472978 0.228852 0.457902 0.337535
0.461083 0.454177 -0.106877 -0.091176
0.107242 0.159366 0.296035 0.136588

0.479963 0.220044 -0.046685 0.162319
0.099790 0.018137 -0.425119 0.391636
0.145093 -0.475308 -0.042592 0.045289
-0.063065 -0.245150 -0.211089 0.341744

0.458943 -0.147853 0.367323 0.201408
0.253654 0.267303 -0.390995 0.172739
-0.110375 0.257428 -0.020344 -0.132033
0.041185 -0.215726 -0.095034 -0.413804

-0.411918 -0.456613 0.019753 -0.460781
-0.024791 0.099827 0.391679 -0.035084
0.324864 -0.121124 -0.082644 0.355864
0.179769 -0.369341 0.004615 0.426401

-0.086158 0.040762 0.464492 -0.056147
0.075279 0.009117 -0.086807 -0.217456
-0.485601 0.415359 -0.265795 0.104010
0.373662 0.016294 0.338659 0.111534

-0.499207 -0.296196 0.384088 0.010232
0.195116 0.384195 0.133087 0.034363
-0.221544 -0.190335 0.101721 0.006994
-0.458386 0.461988 -0.302155 -0.436264

0.441336 -0.109798 0.144663 -0.408705
0.204547 0.075060 0.128383 0.426720
-0.189393 0.287474 0.459933 0.256737
0.013256 -0.100920 -0.212728 0.411279

0.438875 0.341215 -0.488510 -0.376913
-0.152664 -0.039360 -0.283076 -0.483818
-0.227258 -0.430341 -0.343848 -0.259710
-0.101356 -0.122842 -0.235554 -0.233174

0.437217 0.387574 0.100402 -0.388015
0.416867 0.368480 -0.269664 0.180118
-0.088504 0.296273 -0.041996 -0.140423
-0.055768 -0.445208 0.372914 0.183924

0.038847 -0.047621 0.357846 -0.052446
-0.415979 -0.453989 -0.392197 -0.254329
0.054104 -0.207340 -0.401293 -0.125392
0.063252 -0.154756 -0.153341 -0.339863

-0.336649 -0.080301 0.056547 0.180102
0.161112 0.016553 -0.438804 -0.257716
-0.147255 0.297351 0.454006 -0.033872
0.102965 0.471419 -0.085201 -0.057347

-0.152173 0.392879 -0.479154 0.473648
-0.489456 -0.110667 -0.017266 0.367115
-0.458651 -0.110405 0.381564 -0.384128
0.448499 -0.135007 -0.181567 0.378763

-0.216523 -0.477950 -0.144573 -0.119873
0.206313 0.097980 -0.063045 0.405831
-0.027183 0.119001 0.466892 -0.200963
0.312478 -0.359255 -0.335475 0.119623

-0.061800 -0.491058 0.088803 0.253874
0.416485 -0.166837 -0.395000 0.160307
-0.256917 0.219078 -0.247785 0.339330
0.452295 -0.323585 -0.055045 0.254896

0.481541 0.366620 -0.333936 0.077828
0.404974 -0.109611 0.199670 -0.068083
-0.339132 -0.276428 0.456068 0.132618
0.003385 0.190129 -0.485604 -0.010885

0.227951 0.184760 0.053307 -0.470420
0.011846 0.061182 -0.101604 0.093805
-0.288080 0.397581 0.498692 0.037524
0.255238 0.034777 0.278875 -0.375482

0.407499 0.388618 0.476469 0.049797
0.265995 0.135410 0.192089 -0.272594
-0.014000 -0.248213 -0.470633 0.288272
0.301588 -0.142050 -0.206955 -0.334340

-0.180841 -0.130770 -0.051469 -0.370797
0.016268 -0.402755 -0.283925 0.428595
0.140387 -0.033754 0.366844 -0.082458
0.370409 -0.423495 0.232733 -0.388070

-0.432563 -0.082650 -0.233890 -0.174559
0.447513 0.312254 0.329366 -0.447832
-0.127383 -0.049196 -0.111991 -0.096331
-0.051662 -0.487747 0.482817 -0.175216

0.394541 -0.209176 0.008864 0.111908
0.072995 0.060141 -0.328762 0.406164
0.266878 0.067689 -0.084348 0.179428
0.321738 0.108530 0.299377 -0.154981

0.131909 0.372232 -0.463563 -0.288478
-0.224465 -0.369299 0.212225 -0.248150
-0.149827 0.415946 -0.283490 -0.072928
-0.028299 0.050391 -0.387061 0.129039

0.199293 -0.455472 0.200228 -0.086450
0.241032 -0.492805 -0.200727 -0.076217
0.498819 0.337905 -0.335706 -0.345409
-0.286278 0.134790 -0.179667 -0.385387

-0.440461 0.280726 0.062864 -0.314259
0.093362 -0.334018 -0.449533 0.032821
-0.369489 -0.249117 0.369810 0.176851
-0.282303 0.442612 -0.114142 0.400084

0.497894 -0.397990 -0.252975 0.416768
-0.106228 0.444241 -0.240971 -0.290203
0.066613 -0.141548 0.279762 0.170652
-0.426704 -0.412754 0.369751 -0.233130

-0.258865 0.047807 0.399103 -0.118062
0.221193 0.304525 -0.271536 0.089094
0.268853 -0.352394 -0.405300 0.405615
0.164067 0.279557 -0.291980 0.421452

-0.061666 0.277935 -0.140083 -0.070650
-0.265919 -0.184316 -0.201166 0.265976
-0.207642 -0.204731 0.457625 -0.170358
0.427613 -0.270507 0.025198 0.420343

0.358019 -0.418136 -0.300324 0.090819
-0.143841 0.474328 0.236905 -0.233800
0.425150 -0.303147 -0.472271 -0.138524
0.068429 -0.431611 0.083435 0.204639

-0.096626 -0.092973 -0.022660 0.278115
-0.354352 -0.096014 0.216501 -0.116812
-0.244421 0.213893 -0.001050 0.097544
-0.043766 -0.439834 -0.231655 -0.091060

-0.002442 0.336967 0.073770 -0.479540
-0.359843 -0.279839 0.166452 0.101739
0.170119 -0.082814 -0.244500 -0.259723
-0.003527 0.292481 -0.369715 -0.451378

0.376582 -0.493474 -0.180995 -0.206888
0.289400 0.459130 0.132249 0.323839
-0.361031 0.321026 0.103062 -0.299634
0.359284 0.482845 0.369617 -0.293202

0.261325 0.329007 -0.241434 0.213407
-0.127046 -0.318326 0.361094 0.257923
-0.424695 -0.437956 0.204335 0.335896
0.490204 -0.355376 0.446545 -0.097435

-0.438643 -0.260405 0.462710 -0.017115
-0.107521 -0.186425 0.058983 -0.311297
0.394766 -0.313812 -0.048733 0.279129
-0.298148 -0.157464 0.186416 0.328237

-0.430340 -0.111283 0.214894 -0.285753
0.481951 0.076004 0.167042 -0.232463
-0.373269 -0.165222 -0.450671 -0.362879
-0.230310 0.328586 0.033085 0.070500

-0.436153 0.427678 -0.107179 0.070179
-0.055809 -0.070768 0.169080 0.185823
0.381402 -0.205543 -0.267130 0.214226
0.392866 0.227323 -0.274273 0.310206

-0.375489 0.340746 0.214139 -0.015378
0.134240 -0.296286 -0.011322 0.081889
-0.428597 0.366593 -0.496456 -0.362688
0.031123 0.469363 0.290142 0.117405

0.244004 0.391467 0.222269 0.315487
-0.431004 -0.400883 0.183734 -0.121358
0.479668 0.462930 0.438371 -0.190330
0.424823 0.114291 -0.423806 -0.211527

-0.498580 0.144481 0.476129 0.399739
-0.411760 0.198690 0.065218 -0.474767
-0.339220 -0.434500 -0.003631 -0.278316
-0.156652 -0.098198 -0.306801 0.315261

-0.231979 0.115198 0.384428 0.411860
0.363556 -0.440392 -0.182198 0.063364
0.070048 0.086176 0.176725 -0.317376
-0.102020 -0.015145 -0.156717 0.233382

0.141165 -0.297555 0.046082 -0.057144
-0.021436 -0.167160 0.261930 0.079219
-0.363340 0.177625 0.312481 -0.445937
0.063335 -0.308772 -0.225701 -0.441311

-0.245249 0.064105 0.241241 -0.306635
-0.485918 -0.060373 0.474182 -0.159107
-0.322020 0.080113 -0.292774 0.373455
0.115416 0.036427 0.242887 -0.133662

